1.13, 5.95, -7.90, 1.42, 0.22, 0.17
1.16, 5.61, -7.97, 1.47, 0.22, 0.13
1.03, 5.69, -8.12, 1.53, 0.21, 0.08
1.12, 5.27, -8.33, 1.61, 0.26, 0.02
1.28, 4.58, -8.28, 1.66, 0.32, -0.02
1.57, 3.91, -8.38, 1.66, 0.29, -0.05
1.61, 3.36, -8.46, 1.63, 0.19, -0.08
1.57, 2.92, -8.53, 1.55, 0.12, -0.11
1.49, 2.73, -8.72, 1.49, 0.12, -0.14
1.49, 2.40, -8.90, 1.41, 0.17, -0.17
1.85, 1.95, -9.05, 1.31, 0.19, -0.18
1.99, 1.59, -9.00, 1.19, 0.12, -0.18
2.09, 1.52, -9.02, 1.07, -0.00, -0.18
2.08, 1.66, -9.33, 0.99, -0.07, -0.18
2.21, 1.34, -9.54, 0.92, -0.00, -0.16
2.59, 0.77, -9.46, 0.80, -0.00, -0.13
2.82, 0.18, -9.36, 0.63, -0.18, -0.14
2.76, -0.14, -9.44, 0.41, -0.40, -0.15
2.22, -0.23, -9.69, 0.22, -0.47, -0.18
1.66, 0.04, -9.78, 0.07, -0.47, -0.20
0.80, 0.20, -10.03, -0.06, -0.44, -0.22
0.40, 0.13, -10.22, -0.16, -0.29, -0.20
0.27, 0.01, -10.29, -0.27, -0.01, -0.07
0.49, -0.16, -10.05, -0.41, 0.19, -0.05
0.97, -0.25, -9.90, -0.65, 0.23, 0.01
1.41, 0.07, -9.91, -0.86, 0.27, -0.00
1.52, 0.13, -9.94, -0.98, 0.19, -0.01
1.32, 0.08, -9.69, -1.21, 0.10, -0.06
1.34, 0.49, -9.15, -1.37, 0.16, -0.09
1.51, 1.02, -9.07, -1.50, 0.34, -0.11
2.15, 1.57, -8.82, -1.58, 0.38, -0.10
2.36, 2.14, -8.68, -1.67, 0.17, -0.12
2.44, 2.68, -8.65, -1.72, -0.04, -0.12
2.22, 3.01, -8.52, -1.72, -0.06, -0.11
2.09, 3.24, -8.17, -1.72, -0.08, -0.10
1.96, 3.80, -8.02, -1.70, -0.17, -0.11
1.88, 4.44, -7.93, -1.65, -0.22, -0.12
1.91, 5.20, -8.20, -1.57, -0.24, -0.12
1.83, 5.78, -8.29, -1.48, -0.29, -0.14
1.87, 6.08, -8.15, -1.37, -0.43, -0.17
1.74, 6.13, -7.97, -1.27, -0.53, -0.21
1.20, 6.39, -7.97, -1.18, -0.63, -0.21
0.85, 6.68, -7.91, -1.10, -0.69, -0.19
0.42, 6.87, -7.95, -1.00, -0.61, -0.15
0.22, 6.88, -7.89, -0.91, -0.49, -0.11
-0.12, 6.95, -7.78, -0.86, -0.47, -0.07
-0.38, 7.16, -7.75, -0.82, -0.47, -0.04
-0.47, 7.47, -7.70, -0.73, -0.29, 0.01
-0.31, 7.59, -7.65, -0.64, -0.04, 0.06
0.17, 7.28, -7.34, -0.57, 0.06, 0.08
0.47, 7.14, -7.16, -0.56, -0.05, 0.06
0.50, 7.34, -7.28, -0.56, -0.17, 0.04
0.39, 7.88, -7.14, -0.50, -0.16, 0.04
0.50, 8.54, -7.23, -0.39, -0.07, 0.06
0.54, 8.96, -7.12, -0.24, -0.04, 0.06
0.46, 9.03, -7.23, -0.09, -0.09, 0.04
0.46, 9.06, -7.06, 0.05, -0.09, 0.03
0.58, 9.31, -7.22, 0.22, -0.01, 0.05
0.74, 9.33, -7.22, 0.39, 0.05, 0.07
0.83, 9.24, -7.09, 0.56, 0.00, 0.07
0.77, 9.21, -7.07, 0.72, -0.08, 0.05
0.57, 9.24, -7.34, 0.91, -0.08, 0.05
0.49, 8.75, -7.19, 1.10, 0.01, 0.07
0.45, 8.06, -7.28, 1.25, 0.09, 0.10
0.60, 7.81, -7.39, 1.37, 0.06, 0.11
0.55, 7.66, -7.46, 1.52, 0.03, 0.11
0.55, 7.14, -7.68, 1.66, 0.05, 0.12
0.54, 6.13, -7.74, 1.76, 0.11, 0.14
0.53, 5.43, -7.91, 1.79, 0.08, 0.14
0.51, 4.91, -7.91, 1.80, 0.02, 0.13
0.57, 4.72, -8.23, 1.82, 0.02, 0.14
0.64, 4.25, -8.33, 1.85, 0.10, 0.16
0.77, 3.59, -8.27, 1.84, 0.10, 0.17
0.91, 3.14, -8.51, 1.79, -0.00, 0.17
1.03, 2.83, -8.52, 1.75, -0.07, 0.16
1.23, 3.00, -8.68, 1.75, -0.06, 0.16
1.19, 2.76, -8.87, 1.77, -0.07, 0.13
1.07, 2.24, -9.01, 1.75, -0.17, 0.07
0.98, 1.49, -9.08, 1.69, -0.26, -0.01
0.61, 0.89, -9.32, 1.60, -0.24, -0.07
0.38, 0.38, -9.40, 1.49, -0.16, -0.11
0.16, -0.05, -9.59, 1.35, -0.09, -0.15
0.35, -1.02, -9.31, 1.31, -0.11, -0.15
0.34, -1.08, -9.77, 0.92, 0.13, -0.25
0.63, -1.30, -9.76, 0.84, 0.25, -0.25
1.04, -1.41, -9.92, 0.58, 0.15, -0.27
1.15, -1.45, -9.94, 0.39, -0.01, -0.27
1.21, -1.40, -9.97, 0.21, -0.02, -0.26
1.19, -1.45, -9.95, 0.02, 0.05, -0.26
1.23, -1.52, -10.06, -0.13, 0.04, -0.22
1.04, -1.64, -10.08, -0.37, -0.03, -0.21
1.04, -1.73, -9.99, -0.52, -0.08, -0.19
0.97, -1.70, -9.96, -0.75, -0.03, -0.19
1.02, -1.64, -9.91, -0.93, 0.06, -0.17
1.12, -1.38, -9.74, -1.15, 0.06, -0.16
1.07, -1.00, -9.57, -1.31, -0.08, -0.15
0.74, -0.60, -9.58, -1.44, -0.16, -0.15
0.56, -0.35, -9.52, -1.55, -0.07, -0.14
0.53, -0.01, -9.39, -1.66, 0.06, -0.13
0.63, 0.54, -9.39, -1.73, 0.04, -0.11
0.67, 0.91, -9.38, -1.80, -0.02, -0.11
0.92, 1.21, -8.99, -1.84, -0.04, -0.08
0.55, 1.38, -8.67, -1.93, -0.06, -0.09
0.54, 1.68, -8.26, -2.02, -0.10, -0.11
0.26, 2.35, -8.38, -2.11, -0.10, -0.11
0.24, 3.22, -8.32, -2.17, -0.03, -0.10
0.20, 4.12, -8.02, -2.19, 0.03, -0.10
0.36, 4.95, -7.93, -2.17, 0.05, -0.10
0.34, 5.54, -7.80, -2.10, 0.05, -0.10
0.53, 5.92, -7.55, -2.01, 0.04, -0.12
0.58, 6.28, -7.24, -1.91, 0.01, -0.13
0.62, 6.59, -7.22, -1.84, -0.02, -0.14
0.63, 6.96, -7.18, -1.77, -0.03, -0.15
0.68, 7.33, -7.12, -1.65, -0.02, -0.14
0.63, 7.88, -6.71, -1.54, -0.04, -0.14
0.58, 8.30, -6.77, -1.42, -0.02, -0.13
0.62, 8.86, -6.82, -1.25, 0.02, -0.12
0.87, 9.38, -6.80, -1.05, 0.03, -0.13
0.95, 9.33, -6.67, -0.91, -0.02, -0.14
0.84, 9.28, -6.50, -0.80, -0.12, -0.17
0.58, 9.40, -6.51, -0.70, -0.18, -0.17
0.46, 9.51, -6.52, -0.56, -0.11, -0.13
0.53, 9.67, -6.45, -0.43, 0.00, -0.08
0.65, 9.88, -6.39, -0.28, 0.02, -0.06
0.69, 10.04, -6.47, -0.14, -0.10, -0.06
0.49, 10.14, -6.42, 0.01, -0.20, -0.05
0.28, 9.91, -6.41, 0.17, -0.16, -0.02
0.07, 9.64, -6.45, 0.31, -0.04, 0.02
0.08, 9.59, -6.56, 0.45, 0.02, 0.06
0.04, 9.50, -6.61, 0.60, -0.02, 0.06
0.07, 9.03, -6.57, 0.73, -0.03, 0.08
0.14, 8.49, -6.67, 0.82, 0.05, 0.10
0.34, 8.26, -6.60, 0.87, 0.06, 0.11
0.57, 8.13, -6.64, 0.92, 0.03, 0.12
1.04, 7.82, -6.69, 0.96, 0.03, 0.13
1.28, 7.52, -6.77, 1.00, -0.10, 0.11
0.81, 7.70, -7.05, 1.05, -0.43, 0.07
0.24, 8.06, -7.23, 1.18, -0.52, 0.07
-0.11, 7.67, -7.48, 1.35, -0.25, 0.12
-0.21, 7.12, -7.46, 1.48, -0.05, 0.14
-0.28, 6.79, -7.57, 1.55, -0.16, 0.12
-0.46, 6.62, -7.75, 1.61, -0.27, 0.09
-0.61, 6.51, -7.90, 1.73, -0.12, 0.10
-0.54, 6.15, -8.05, 1.87, 0.13, 0.13
-0.15, 5.54, -7.85, 1.96, 0.22, 0.13
0.03, 4.98, -8.01, 2.00, 0.11, 0.09
0.28, 4.30, -8.26, 2.03, 0.06, 0.06
0.19, 3.78, -8.44, 2.04, 0.13, 0.05
0.46, 3.11, -8.36, 2.02, 0.20, 0.04
0.58, 2.39, -8.56, 1.94, 0.15, 0.03
0.58, 1.66, -8.88, 1.81, 0.07, 0.01
0.63, 0.95, -9.07, 1.65, 0.10, -0.01
0.77, 0.46, -9.18, 1.46, 0.16, -0.01
1.02, 0.11, -9.44, 1.25, 0.14, -0.02
1.36, 0.24, -9.54, 1.06, 0.02, -0.03
1.16, -0.04, -9.47, 0.83, -0.02, -0.03
1.16, -0.31, -9.68, 0.71, -0.04, -0.02
1.05, -0.45, -9.76, 0.51, -0.06, -0.04
0.99, -0.58, -9.79, 0.35, -0.11, -0.03
1.12, -0.87, -9.95, 0.15, -0.11, -0.03
1.04, -1.24, -10.04, -0.07, -0.11, -0.02
1.00, -1.67, -9.92, -0.33, -0.17, -0.02
0.90, -1.77, -9.89, -0.65, -0.26, -0.03
0.55, -1.54, -9.84, -0.94, -0.30, -0.04
0.24, -1.03, -9.68, -1.19, -0.24, -0.06
0.10, -0.49, -9.77, -1.37, -0.12, -0.07
0.28, 0.23, -9.56, -1.48, -0.04, -0.10
0.34, 0.99, -9.29, -1.52, -0.11, -0.11
0.24, 1.68, -9.41, -1.48, -0.19, -0.12
0.41, 1.98, -9.31, -1.42, -0.13, -0.10
0.44, 1.81, -9.21, -1.43, -0.09, -0.11
0.21, 1.86, -9.09, -1.48, -0.21, -0.15
0.01, 2.13, -8.91, -1.55, -0.29, -0.18
-0.14, 2.53, -8.76, -1.60, -0.18, -0.19
-0.07, 3.04, -8.70, -1.62, -0.05, -0.18
0.17, 3.54, -8.54, -1.63, -0.08, -0.19
0.23, 3.95, -8.24, -1.65, -0.18, -0.20
0.13, 4.69, -8.02, -1.64, -0.27, -0.21
-0.23, 5.70, -8.14, -1.60, -0.31, -0.21
-0.34, 6.37, -8.07, -1.51, -0.22, -0.21
-0.29, 6.83, -8.01, -1.39, -0.11, -0.21
-0.27, 6.76, -7.82, -1.28, -0.11, -0.21
-0.13, 6.16, -7.58, -1.21, -0.17, -0.21
-0.27, 5.61, -7.35, -1.24, -0.20, -0.19
-0.47, 5.14, -7.07, -1.37, -0.18, -0.16
-0.55, 5.49, -6.92, -1.56, -0.12, -0.13
-0.30, 6.46, -6.73, -1.63, -0.07, -0.11
-0.31, 7.50, -6.58, -1.63, -0.09, -0.08
-0.18, 8.21, -6.55, -1.54, -0.15, -0.05
-0.27, 8.38, -6.35, -1.42, -0.13, -0.01
-0.43, 8.34, -6.25, -1.35, -0.09, 0.03
-0.46, 8.13, -6.14, -1.35, -0.08, 0.07
-0.63, 8.35, -5.98, -1.34, -0.09, 0.10
-0.55, 8.94, -5.95, -1.29, -0.07, 0.15
-0.63, 9.51, -5.70, -1.18, -0.01, 0.22
-0.44, 10.20, -5.81, -1.02, 0.00, 0.26
-0.55, 10.85, -5.84, -0.83, -0.01, 0.28
-0.49, 11.21, -5.82, -0.61, -0.02, 0.29
-0.69, 11.55, -5.81, -0.36, -0.04, 0.28
-0.54, 11.52, -5.74, -0.09, -0.01, 0.27
-0.62, 11.30, -5.76, 0.17, 0.05, 0.26
-0.45, 10.87, -5.61, 0.40, 0.09, 0.25
-0.36, 10.28, -5.60, 0.58, 0.07, 0.23
-0.36, 9.82, -5.59, 0.71, 0.03, 0.21
-0.19, 9.32, -5.67, 0.81, 0.02, 0.19
-0.12, 8.97, -5.71, 0.90, 0.03, 0.17
0.16, 8.50, -5.64, 0.94, 0.02, 0.15
0.45, 8.28, -5.83, 0.96, -0.05, 0.11
0.51, 8.55, -5.94, 1.00, -0.18, 0.07
0.75, 8.37, -5.96, 1.06, -0.24, 0.03
0.46, 8.19, -6.15, 1.09, -0.33, -0.03
-0.22, 8.68, -6.61, 1.15, -0.47, -0.10
-0.74, 9.12, -6.84, 1.31, -0.34, -0.13
-0.22, 8.69, -6.65, 1.53, 0.14, -0.06
0.41, 7.75, -6.66, 1.67, 0.29, -0.01
0.48, 6.99, -6.62, 1.65, -0.19, -0.04
0.06, 6.78, -7.13, 1.63, -0.59, -0.08
-0.48, 6.68, -7.43, 1.70, -0.36, -0.05
-0.67, 6.14, -7.52, 1.78, 0.09, 0.01
-0.45, 5.55, -7.63, 1.80, 0.17, 0.02
-0.31, 5.34, -7.76, 1.77, -0.06, -0.02
-0.47, 5.22, -8.17, 1.78, -0.12, -0.05
-0.45, 4.79, -8.32, 1.82, 0.11, -0.05
-0.22, 3.99, -8.23, 1.82, 0.32, -0.04
-0.01, 3.37, -8.15, 1.78, 0.24, -0.06
-0.02, 2.94, -8.49, 1.70, 0.04, -0.08
-0.23, 2.82, -8.84, 1.65, 0.04, -0.07
-0.35, 2.48, -8.94, 1.59, 0.17, -0.02
-0.42, 2.08, -8.94, 1.53, 0.23, 0.01
-0.33, 1.69, -9.13, 1.43, 0.24, 0.04
-0.15, 1.04, -9.39, 1.30, 0.28, 0.07
-0.04, 0.59, -9.45, 1.14, 0.28, 0.07
0.06, 0.41, -9.52, 0.98, 0.21, 0.07
0.23, 0.25, -9.51, 0.83, 0.19, 0.06
0.45, -0.02, -9.78, 0.67, 0.20, 0.07
0.51, -0.35, -9.78, 0.52, 0.12, 0.10
0.56, -0.65, -9.72, 0.28, -0.02, 0.03
0.35, -0.72, -9.89, 0.09, -0.10, 0.02
0.17, -0.63, -9.85, -0.13, -0.04, -0.01
0.27, -0.45, -9.74, -0.26, 0.01, -0.01
0.44, -0.22, -9.70, -0.45, -0.03, -0.03
0.37, -0.05, -9.72, -0.57, -0.13, -0.02
0.34, -0.04, -9.68, -0.71, -0.14, -0.03
0.23, 0.07, -9.82, -0.86, -0.07, -0.05
0.29, 0.55, -9.64, -0.99, -0.02, -0.08
0.32, 1.03, -9.54, -1.04, -0.00, -0.11
0.72, 1.19, -9.52, -1.07, 0.06, -0.15
0.96, 1.36, -9.35, -1.10, 0.03, -0.19
1.16, 1.70, -9.15, -1.15, -0.16, -0.22
0.93, 1.99, -8.99, -1.22, -0.35, -0.22
0.78, 2.30, -9.05, -1.25, -0.36, -0.19
0.66, 2.50, -9.08, -1.29, -0.28, -0.18
0.49, 2.68, -8.95, -1.34, -0.31, -0.20
0.13, 2.83, -8.94, -1.43, -0.46, -0.23
-0.15, 3.06, -8.72, -1.51, -0.48, -0.24
-0.33, 3.08, -8.55, -1.58, -0.36, -0.21
-0.46, 3.21, -8.39, -1.66, -0.28, -0.20
-0.65, 3.49, -8.05, -1.76, -0.30, -0.20
-0.62, 3.74, -7.86, -1.85, -0.28, -0.19
-0.64, 3.94, -7.48, -1.93, -0.27, -0.17
-0.85, 4.46, -7.23, -2.02, -0.35, -0.16
-1.15, 5.34, -7.11, -2.09, -0.40, -0.15
-1.33, 6.26, -7.06, -2.09, -0.28, -0.11
-1.47, 7.16, -6.95, -2.01, -0.11, -0.06
-1.24, 7.78, -6.60, -1.86, -0.04, -0.02
-0.98, 8.47, -6.40, -1.71, -0.11, 0.03
-1.07, 9.14, -6.38, -1.56, -0.24, 0.06
-1.42, 9.57, -6.59, -1.41, -0.28, 0.10
-1.71, 9.77, -6.25, -1.23, -0.19, 0.15
-1.73, 9.98, -6.21, -1.03, -0.04, 0.21
-1.49, 10.06, -6.08, -0.81, 0.12, 0.27
-1.02, 10.05, -5.95, -0.63, 0.15, 0.31
-0.84, 9.97, -5.89, -0.51, 0.04, 0.29
-0.76, 10.10, -6.01, -0.39, -0.07, 0.25
-0.83, 10.16, -5.95, -0.23, -0.03, 0.21
-0.71, 10.06, -5.71, -0.08, 0.09, 0.19
-0.51, 9.75, -5.83, 0.04, 0.11, 0.16
-0.31, 9.56, -5.76, 0.12, 0.00, 0.14
-0.39, 9.53, -5.84, 0.21, -0.08, 0.12
-0.42, 9.70, -5.90, 0.31, -0.04, 0.12
-0.43, 9.53, -6.01, 0.44, 0.04, 0.12
-0.38, 9.25, -6.00, 0.53, 0.06, 0.12
-0.38, 9.04, -6.08, 0.60, 0.00, 0.10
-0.39, 8.89, -6.23, 0.67, -0.01, 0.10
-0.28, 8.85, -6.36, 0.75, 0.06, 0.11
-0.36, 8.66, -6.40, 0.84, 0.11, 0.12
-0.42, 8.42, -6.53, 0.90, 0.06, 0.12
-0.43, 8.59, -6.75, 0.98, 0.05, 0.11
-0.52, 8.63, -6.92, 1.09, 0.16, 0.11
-0.37, 8.44, -6.90, 1.20, 0.26, 0.10
-0.48, 8.10, -6.85, 1.27, 0.21, 0.07
-0.61, 8.00, -6.96, 1.33, 0.16, 0.04
-0.53, 8.10, -7.10, 1.46, 0.32, 0.03
-0.07, 7.80, -7.02, 1.62, 0.54, 0.03
0.57, 6.94, -6.93, 1.73, 0.48, 0.01
0.97, 6.21, -6.89, 1.76, 0.18, -0.02
0.73, 5.60, -7.34, 1.77, -0.06, -0.05
0.50, 5.27, -7.66, 1.80, -0.11, -0.06
0.02, 4.61, -7.92, 1.80, -0.06, -0.09
-0.14, 3.79, -7.94, 1.76, -0.02, -0.12
-0.30, 3.25, -8.12, 1.67, -0.04, -0.15
-0.34, 3.07, -8.43, 1.57, -0.04, -0.16
-0.21, 2.84, -8.69, 1.47, 0.03, -0.14
-0.10, 2.54, -8.70, 1.36, 0.05, -0.14
-0.15, 2.58, -8.81, 1.25, -0.08, -0.13
-0.19, 3.00, -9.10, 1.22, -0.13, -0.13
-0.33, 3.26, -9.29, 1.24, -0.03, -0.12
-0.22, 2.80, -9.23, 1.27, 0.08, -0.11
-0.12, 2.38, -9.15, 1.24, 0.06, -0.13
0.12, 1.83, -9.35, 1.18, -0.00, -0.15
0.23, 1.42, -9.50, 1.09, 0.02, -0.16
0.01, 0.92, -9.56, 0.94, 0.02, -0.16
-0.10, 1.15, -9.61, 0.79, -0.03, -0.14
-0.10, 1.97, -9.61, 0.74, -0.02, -0.10
-0.11, 2.29, -9.58, 0.79, 0.09, -0.06
-0.08, 1.74, -9.67, 0.82, 0.19, -0.05
0.21, 0.91, -9.65, 0.80, 0.20, -0.08
0.52, 0.37, -9.59, 0.73, 0.12, -0.13
0.69, -0.22, -9.67, 0.63, -0.00, -0.18
0.75, -0.58, -9.60, 0.59, -0.14, -0.22
0.26, -0.77, -9.92, 0.38, -0.13, -0.29
0.19, -0.79, -9.89, 0.30, -0.04, -0.31
0.09, -1.00, -10.01, 0.17, 0.04, -0.32
0.17, -1.09, -9.95, 0.03, 0.03, -0.33
0.46, -1.16, -9.86, -0.08, 0.01, -0.33
0.49, -1.12, -9.98, -0.22, -0.04, -0.33
0.29, -1.04, -9.88, -0.35, -0.16, -0.32
-0.02, -0.72, -9.96, -0.48, -0.21, -0.29
-0.14, -0.42, -10.02, -0.53, -0.13, -0.24
0.02, -0.37, -9.91, -0.59, -0.01, -0.18
0.01, -0.26, -9.87, -0.67, -0.09, -0.13
-0.21, 0.04, -9.96, -0.74, -0.30, -0.08
-0.52, 0.31, -9.93, -0.78, -0.34, -0.01
-0.70, 0.30, -9.93, -0.81, -0.13, 0.07
-0.49, 0.31, -9.84, -0.87, 0.03, 0.13
-0.41, 0.42, -9.62, -0.95, -0.06, 0.19
0.05, 0.42, -9.39, -1.06, -0.20, 0.20
-0.30, 0.50, -9.57, -1.14, -0.21, 0.28
-0.35, 0.59, -9.40, -1.26, -0.13, 0.29
-0.15, 0.84, -9.56, -1.33, -0.14, 0.35
0.03, 0.99, -9.27, -1.47, -0.19, 0.35
0.03, 1.24, -9.06, -1.58, -0.23, 0.36
-0.03, 1.41, -8.92, -1.71, -0.22, 0.37
0.12, 1.80, -8.61, -1.85, -0.21, 0.37
0.35, 2.39, -8.20, -2.00, -0.19, 0.36
0.79, 3.33, -7.98, -2.07, -0.23, 0.39
1.09, 4.35, -7.47, -2.14, -0.40, 0.39
0.91, 5.35, -7.21, -2.14, -0.62, 0.37
0.43, 6.02, -7.01, -2.11, -0.77, 0.36
-0.20, 6.51, -7.04, -2.05, -0.76, 0.34
-0.67, 6.96, -7.11, -1.98, -0.67, 0.31
-1.25, 7.42, -7.03, -1.88, -0.59, 0.28
-1.27, 7.72, -6.95, -1.75, -0.47, 0.24
-1.11, 7.77, -7.01, -1.58, -0.36, 0.23
-1.04, 7.53, -6.70, -1.45, -0.37, 0.19
-1.45, 7.54, -6.74, -1.42, -0.48, 0.13
-1.77, 7.83, -6.73, -1.39, -0.47, 0.09
-1.97, 8.29, -6.77, -1.29, -0.26, 0.08
-1.84, 8.82, -6.73, -1.13, -0.05, 0.09
-1.70, 8.95, -6.52, -0.98, 0.02, 0.08
-1.54, 8.93, -6.46, -0.87, -0.02, 0.05
-1.60, 9.12, -6.46, -0.79, -0.08, 0.04
-1.75, 9.58, -6.46, -0.67, -0.05, 0.05
-1.70, 10.02, -6.38, -0.50, 0.10, 0.07
-1.56, 10.13, -6.23, -0.30, 0.24, 0.11
-1.32, 10.14, -6.12, -0.11, 0.25, 0.10
-1.24, 10.31, -6.22, 0.08, 0.17, 0.05
-1.24, 10.07, -6.12, 0.26, 0.17, 0.02
-1.18, 9.41, -6.00, 0.40, 0.27, 0.01
-0.70, 8.93, -5.94, 0.48, 0.40, 0.03
-0.22, 9.06, -5.94, 0.55, 0.33, 0.02
-0.26, 9.27, -6.09, 0.62, 0.05, -0.03
-0.52, 9.17, -6.14, 0.73, -0.07, -0.07
-0.64, 8.83, -6.35, 0.83, 0.11, -0.05
-0.46, 8.77, -6.41, 0.92, 0.27, -0.03
-0.34, 8.96, -6.37, 1.00, 0.15, -0.03
-0.24, 8.76, -6.51, 1.09, -0.01, -0.05
-0.42, 8.26, -6.64, 1.18, 0.03, -0.03
-0.49, 7.67, -6.78, 1.23, 0.15, -0.01
-0.39, 7.34, -6.92, 1.25, 0.17, 0.00
-0.09, 7.30, -7.14, 1.28, 0.14, 0.01
-0.02, 7.14, -7.18, 1.34, 0.12, 0.01
-0.06, 6.77, -7.30, 1.37, 0.05, -0.01
-0.30, 6.34, -7.46, 1.40, 0.01, -0.05
-0.25, 6.07, -7.60, 1.44, 0.07, -0.05
-0.24, 5.95, -7.72, 1.48, 0.11, -0.04
-0.29, 5.64, -7.97, 1.52, 0.06, -0.06
-0.24, 5.31, -7.91, 1.55, 0.01, -0.09
-0.34, 4.86, -8.23, 1.59, 0.03, -0.12
-0.40, 4.78, -8.33, 1.61, 0.04, -0.14
-0.28, 4.29, -8.25, 1.66, 0.01, -0.16
-0.49, 4.23, -8.46, 1.68, -0.07, -0.19
-0.98, 3.79, -8.74, 1.70, -0.18, -0.26
-1.36, 3.19, -8.92, 1.70, -0.09, -0.31
-1.36, 2.63, -8.79, 1.68, 0.15, -0.34
-1.00, 2.34, -8.83, 1.64, 0.29, -0.33
-0.63, 2.04, -9.00, 1.57, 0.20, -0.33
-0.69, 1.67, -8.93, 1.49, 0.06, -0.32
-0.78, 1.13, -9.28, 1.41, 0.06, -0.31
-0.30, 0.90, -10.13, 1.36, 0.02, -0.26
-0.87, 0.29, -9.36, 1.14, 0.18, -0.31
-0.49, -0.19, -9.49, 1.10, 0.13, -0.27
-0.59, -0.34, -9.50, 0.90, 0.13, -0.29
-0.47, -0.37, -9.72, 0.83, 0.11, -0.27
-0.58, -0.69, -9.87, 0.67, 0.12, -0.29
-0.23, -0.91, -9.79, 0.55, 0.18, -0.30
0.12, -1.18, -9.85, 0.39, 0.25, -0.31
0.47, -1.21, -9.92, 0.25, 0.18, -0.30
0.48, -1.16, -9.79, 0.09, -0.02, -0.32
0.28, -1.06, -9.96, -0.03, -0.15, -0.32
0.02, -0.93, -10.01, -0.15, -0.11, -0.31
-0.11, -0.87, -9.99, -0.24, -0.02, -0.28
-0.03, -0.78, -9.88, -0.36, 0.04, -0.25
0.08, -0.84, -9.91, -0.49, 0.01, -0.22
0.10, -0.67, -9.92, -0.61, -0.06, -0.21
-0.17, -0.40, -9.81, -0.70, -0.12, -0.19
-0.39, -0.10, -9.80, -0.77, -0.12, -0.16
-0.43, 0.14, -9.91, -0.83, -0.05, -0.13
-0.37, 0.14, -9.80, -0.88, 0.02, -0.09
-0.32, 0.27, -9.78, -0.95, -0.01, -0.06
-0.34, 0.37, -9.56, -1.02, -0.10, -0.03
-0.49, 0.56, -9.57, -1.12, -0.15, -0.02
-0.66, 0.91, -9.54, -1.17, -0.14, -0.00
-0.77, 1.31, -9.26, -1.24, -0.11, -0.01
-0.72, 1.83, -9.29, -1.23, -0.11, 0.00
-0.64, 2.22, -9.38, -1.22, -0.09, -0.01
-0.60, 2.49, -9.26, -1.20, -0.09, -0.03
-0.60, 2.46, -9.07, -1.21, -0.14, -0.09
-0.69, 2.50, -8.83, -1.24, -0.19, -0.14
-0.75, 2.61, -8.72, -1.30, -0.21, -0.18
-0.82, 2.67, -8.75, -1.36, -0.21, -0.19
-0.86, 2.63, -8.63, -1.44, -0.21, -0.18
-0.75, 2.73, -8.52, -1.53, -0.21, -0.17
-0.74, 2.83, -8.17, -1.64, -0.23, -0.15
-0.55, 3.03, -8.05, -1.75, -0.27, -0.11
-0.56, 3.57, -7.82, -1.84, -0.33, -0.07
-0.68, 4.19, -7.78, -1.92, -0.42, -0.03
-0.81, 4.78, -7.59, -1.95, -0.46, 0.02
-0.86, 5.17, -7.48, -1.95, -0.40, 0.07
-0.91, 5.46, -7.20, -1.93, -0.34, 0.11
-0.78, 5.77, -7.10, -1.93, -0.36, 0.12
-0.96, 6.32, -6.97, -1.96, -0.45, 0.14
-1.30, 7.16, -6.53, -1.96, -0.50, 0.16
-1.63, 8.26, -6.42, -1.92, -0.44, 0.19
-1.88, 9.42, -6.39, -1.78, -0.31, 0.23
-1.92, 10.42, -6.45, -1.53, -0.17, 0.25
-1.61, 10.63, -6.20, -1.23, -0.01, 0.25
-1.33, 10.59, -6.16, -0.94, 0.06, 0.23
-1.24, 10.53, -6.09, -0.73, -0.07, 0.19
-1.53, 10.25, -6.00, -0.55, -0.22, 0.16
-1.68, 9.99, -5.91, -0.38, -0.14, 0.15
-1.81, 9.61, -5.93, -0.25, 0.05, 0.16
-1.69, 9.48, -5.82, -0.16, 0.07, 0.14
-1.64, 9.60, -5.73, -0.07, -0.03, 0.12
-1.64, 9.66, -5.75, 0.05, -0.02, 0.12
-1.65, 9.44, -5.76, 0.18, 0.09, 0.13
-1.54, 9.06, -5.82, 0.26, 0.13, 0.14
-1.53, 8.93, -5.81, 0.31, 0.06, 0.13
-1.53, 9.10, -5.95, 0.38, 0.02, 0.12
-1.50, 9.16, -6.02, 0.47, 0.09, 0.12
-1.52, 9.20, -6.06, 0.59, 0.16, 0.12
-1.43, 9.11, -6.22, 0.69, 0.17, 0.11
-1.35, 8.84, -6.35, 0.78, 0.17, 0.11
-1.26, 8.60, -6.40, 0.86, 0.18, 0.11
-1.11, 8.50, -6.57, 0.94, 0.20, 0.11
-0.89, 8.32, -6.60, 1.03, 0.20, 0.12
-0.65, 8.01, -6.77, 1.12, 0.19, 0.12
-0.65, 7.51, -6.83, 1.18, 0.16, 0.11
-0.56, 7.05, -6.99, 1.20, 0.13, 0.11
-0.70, 6.94, -7.18, 1.21, 0.12, 0.09
-0.61, 6.82, -7.29, 1.23, 0.17, 0.09
-0.47, 6.62, -7.42, 1.27, 0.26, 0.10
-0.23, 6.47, -7.44, 1.30, 0.25, 0.09
-0.17, 6.33, -7.51, 1.34, 0.15, 0.07
-0.17, 6.36, -7.70, 1.39, 0.09, 0.05
-0.15, 6.22, -7.87, 1.46, 0.15, 0.03
-0.13, 5.82, -7.90, 1.52, 0.21, 0.01
-0.15, 5.33, -8.02, 1.55, 0.18, -0.03
-0.36, 5.05, -8.15, 1.56, 0.10, -0.08
-0.41, 4.93, -8.28, 1.59, 0.14, -0.12
-0.24, 4.53, -8.40, 1.64, 0.28, -0.15
-0.05, 4.21, -8.44, 1.66, 0.33, -0.17
0.03, 3.62, -8.49, 1.66, 0.18, -0.22
-0.07, 3.04, -8.73, 1.64, 0.08, -0.25
-0.13, 2.65, -8.74, 1.61, 0.13, -0.26
-0.30, 1.94, -9.03, 1.52, 0.17, -0.26
-0.26, 1.24, -9.05, 1.41, 0.15, -0.27
-0.47, 0.64, -9.80, 1.29, 0.15, -0.22
-0.28, 0.45, -9.39, 1.09, 0.14, -0.26
-0.11, 0.39, -9.59, 0.96, 0.11, -0.22
-0.12, 0.28, -9.51, 0.80, 0.08, -0.22
-0.01, 0.17, -9.69, 0.69, 0.04, -0.19
-0.11, 0.00, -9.69, 0.56, 0.02, -0.18
-0.12, -0.18, -9.82, 0.44, -0.05, -0.17
-0.54, -0.15, -9.87, 0.32, -0.15, -0.16
-0.98, -0.00, -10.02, 0.26, -0.15, -0.13
-1.21, -0.11, -10.16, 0.20, 0.02, -0.07
-1.07, -0.38, -10.05, 0.12, 0.28, 0.01
-0.32, -0.81, -9.75, -0.02, 0.53, 0.06
0.55, -0.79, -9.80, -0.21, 0.49, 0.05
0.80, -0.58, -9.73, -0.38, 0.13, 0.03
0.80, -0.38, -9.78, -0.56, -0.12, -0.01
0.40, -0.22, -9.68, -0.68, -0.07, -0.02
0.28, 0.06, -9.86, -0.79, 0.10, -0.02
0.37, 0.32, -9.72, -0.88, 0.13, -0.01
0.51, 0.51, -9.59, -0.96, 0.03, -0.00
0.45, 0.71, -9.69, -1.05, -0.05, 0.01
0.45, 0.56, -9.52, -1.14, -0.04, 0.02
0.51, 0.45, -9.39, -1.29, 0.00, 0.03
0.58, 0.73, -9.25, -1.44, -0.02, 0.04
0.53, 1.01, -8.97, -1.58, -0.10, 0.04
0.35, 1.52, -8.85, -1.70, -0.17, 0.05
0.13, 1.99, -8.76, -1.83, -0.16, 0.05
0.05, 2.36, -8.52, -1.88, -0.16, 0.11
0.25, 2.69, -8.27, -1.98, -0.12, 0.13
0.33, 3.10, -8.15, -2.05, -0.17, 0.15
0.29, 3.46, -7.78, -2.11, -0.29, 0.16
-0.01, 3.89, -7.52, -2.17, -0.36, 0.17
-0.15, 4.42, -7.36, -2.22, -0.33, 0.19
-0.34, 5.08, -7.23, -2.24, -0.33, 0.20
-0.54, 6.04, -6.96, -2.22, -0.36, 0.22
-0.68, 6.74, -6.94, -2.15, -0.33, 0.25
-0.66, 7.19, -6.86, -2.00, -0.19, 0.28
-0.60, 7.26, -6.54, -1.88, -0.08, 0.29
-0.48, 7.36, -6.28, -1.86, -0.15, 0.26
-0.62, 8.06, -6.12, -1.88, -0.28, 0.23
-0.76, 9.27, -6.05, -1.81, -0.27, 0.23
-0.85, 10.54, -5.92, -1.61, -0.13, 0.25
-0.70, 11.46, -6.10, -1.31, 0.00, 0.26
-0.49, 11.13, -5.84, -0.98, 0.10, 0.23
-0.11, 10.32, -5.64, -0.77, 0.12, 0.17
-0.05, 9.85, -5.62, -0.68, 0.00, 0.09
-0.06, 9.81, -5.48, -0.63, -0.13, 0.03
-0.21, 10.18, -5.39, -0.52, -0.09, 0.01
-0.12, 10.26, -5.35, -0.38, 0.04, 0.00
-0.14, 10.05, -5.37, -0.27, 0.06, -0.03
-0.19, 10.09, -5.32, -0.17, -0.01, -0.06
-0.15, 10.12, -5.30, -0.08, -0.01, -0.07
-0.02, 9.96, -5.32, 0.03, 0.07, -0.06
0.03, 9.80, -5.35, 0.12, 0.07, -0.05
-0.04, 9.76, -5.33, 0.19, 0.00, -0.06
-0.15, 9.81, -5.41, 0.27, -0.02, -0.06
-0.09, 9.84, -5.62, 0.37, 0.06, -0.04
-0.10, 9.59, -5.59, 0.47, 0.13, -0.02
0.06, 9.61, -5.60, 0.57, 0.11, -0.01
-0.06, 9.57, -5.83, 0.67, 0.01, -0.02
-0.23, 9.30, -5.96, 0.76, -0.01, -0.02
-0.28, 9.08, -6.13, 0.86, 0.09, 0.00
-0.13, 8.88, -6.13, 0.95, 0.14, 0.02
-0.25, 8.85, -6.19, 1.02, 0.07, 0.02
-0.27, 8.78, -6.38, 1.10, 0.01, 0.00
-0.36, 8.55, -6.45, 1.22, 0.08, 0.01
-0.35, 8.39, -6.51, 1.32, 0.15, 0.01
-0.24, 8.21, -6.60, 1.41, 0.13, -0.00
-0.12, 8.12, -6.65, 1.51, 0.09, -0.01
-0.03, 7.87, -6.73, 1.62, 0.10, -0.02
0.00, 7.41, -6.76, 1.71, 0.13, -0.04
0.03, 6.86, -6.96, 1.76, 0.10, -0.07
0.05, 6.60, -7.18, 1.81, 0.08, -0.10
0.24, 6.32, -7.28, 1.85, 0.12, -0.12
0.42, 5.85, -7.39, 1.90, 0.15, -0.13
0.57, 5.35, -7.53, 1.91, 0.08, -0.14
0.51, 4.54, -7.63, 1.89, -0.02, -0.17
0.50, 4.01, -7.96, 1.84, -0.02, -0.18
0.59, 3.51, -8.06, 1.79, 0.01, -0.17
0.68, 3.25, -8.34, 1.74, -0.08, -0.16
0.12, 3.00, -8.64, 1.66, -0.28, -0.18
-0.39, 2.60, -8.91, 1.55, -0.32, -0.16
-0.68, 2.37, -9.06, 1.47, -0.11, -0.10
-0.76, 2.47, -9.14, 1.43, 0.15, -0.03
-0.73, 2.49, -9.25, 1.39, 0.23, 0.01
-0.43, 2.51, -9.32, 1.35, 0.26, 0.02
-0.06, 2.30, -9.38, 1.35, 0.35, 0.01
0.21, 2.04, -9.13, 1.37, 0.38, -0.01
0.51, 1.62, -9.31, 1.36, 0.27, -0.03
0.59, 1.14, -9.35, 1.35, 0.17, -0.06
0.59, 0.57, -9.56, 1.30, 0.14, -0.08
0.18, -0.41, -10.32, 1.30, 0.13, -0.06
0.37, -0.51, -9.48, 1.13, 0.09, -0.12
0.74, -0.95, -9.74, 1.06, 0.05, -0.12
0.45, -1.17, -9.56, 0.84, 0.05, -0.18
0.66, -1.22, -9.55, 0.75, -0.02, -0.20
0.51, -0.95, -9.74, 0.60, -0.11, -0.23
0.31, -0.66, -9.90, 0.57, -0.17, -0.24
-0.00, -0.88, -9.92, 0.51, -0.13, -0.25
-0.08, -1.03, -9.90, 0.44, -0.03, -0.25
-0.15, -0.96, -9.87, 0.36, 0.00, -0.25
-0.15, -0.82, -9.96, 0.30, -0.04, -0.25
-0.17, -0.84, -9.97, 0.26, -0.00, -0.24
0.04, -1.16, -10.06, 0.20, 0.10, -0.21
0.45, -1.61, -9.95, 0.06, 0.14, -0.20
0.43, -1.78, -10.00, -0.10, -0.01, -0.19
0.23, -1.69, -9.93, -0.28, -0.19, -0.20
0.05, -1.64, -10.08, -0.38, -0.11, -0.16
0.39, -1.97, -10.11, -0.51, 0.12, -0.11
0.51, -2.25, -9.92, -0.70, 0.12, -0.07
0.48, -2.49, -9.93, -0.94, -0.11, -0.06
0.32, -2.50, -9.81, -1.18, -0.17, -0.05
0.41, -2.32, -9.70, -1.41, 0.00, -0.04
0.43, -1.80, -9.37, -1.60, 0.10, -0.03
