0.16, 4.23, -9.40, 0.12, 0.10, -0.07
0.30, 4.27, -9.39, 0.23, 0.12, -0.05
0.47, 4.03, -9.45, 0.30, 0.11, -0.05
0.55, 3.66, -9.55, 0.33, 0.10, -0.04
0.47, 3.52, -9.49, 0.34, 0.08, -0.04
0.63, 3.51, -9.46, 0.36, 0.08, -0.01
0.58, 3.56, -9.42, 0.41, 0.06, 0.02
0.71, 3.43, -9.49, 0.46, 0.05, 0.06
0.67, 3.35, -9.43, 0.49, 0.04, 0.10
0.64, 3.57, -9.62, 0.53, 0.03, 0.13
0.68, 3.45, -9.60, 0.63, 0.04, 0.17
0.67, 3.00, -9.66, 0.65, 0.05, 0.19
0.74, 2.51, -9.76, 0.63, 0.04, 0.19
0.80, 2.19, -9.72, 0.56, 0.03, 0.18
0.73, 2.48, -9.72, 0.50, 0.02, 0.18
0.76, 2.75, -9.67, 0.54, 0.03, 0.18
0.74, 2.53, -9.60, 0.58, 0.04, 0.17
0.77, 2.43, -9.68, 0.60, 0.05, 0.16
0.88, 1.95, -9.82, 0.60, 0.08, 0.18
1.06, 1.42, -9.90, 0.53, 0.08, 0.17
0.98, 1.36, -9.75, 0.40, 0.02, 0.15
0.90, 1.73, -9.87, 0.37, -0.04, 0.15
0.92, 2.09, -9.78, 0.42, 0.08, 0.22
0.99, 2.04, -9.89, 0.52, 0.14, 0.24
0.95, 1.55, -9.96, 0.53, 0.07, 0.19
1.06, 1.07, -9.84, 0.53, -0.02, 0.15
1.10, 0.34, -9.85, 0.38, 0.10, 0.15
1.17, 0.45, -9.96, 0.24, 0.13, 0.14
0.95, 1.13, -10.03, 0.22, 0.04, 0.08
0.94, 1.51, -9.74, 0.25, 0.01, 0.03
0.71, 1.30, -9.93, 0.36, 0.03, 0.06
0.76, 1.24, -9.87, 0.36, 0.16, 0.12
0.64, 1.01, -9.84, 0.34, 0.17, 0.12
0.91, 0.90, -9.87, 0.30, 0.08, 0.05
0.55, 1.09, -9.92, 0.24, 0.00, -0.01
0.59, 1.61, -9.80, 0.25, 0.12, 0.03
0.55, 2.41, -9.98, 0.40, 0.21, 0.05
0.54, 2.44, -9.91, 0.62, 0.15, -0.01
0.57, 1.43, -10.01, 0.84, 0.11, -0.06
0.86, 0.41, -9.92, 0.77, 0.24, -0.01
1.10, -0.40, -10.07, 0.67, 0.22, -0.04
1.25, -0.82, -9.98, 0.46, 0.10, -0.05
1.27, -0.83, -10.01, 0.34, 0.04, -0.05
1.21, -0.97, -10.10, 0.22, 0.07, -0.02
1.19, -1.15, -10.09, 0.11, 0.02, -0.02
1.07, -1.30, -10.02, -0.07, -0.04, -0.03
1.11, -1.27, -10.19, -0.18, -0.08, -0.03
1.18, -1.35, -10.02, -0.34, -0.01, -0.01
1.18, -1.35, -9.93, -0.50, -0.02, -0.02
1.20, -1.16, -9.87, -0.64, -0.11, -0.07
1.30, -0.97, -9.80, -0.80, -0.16, -0.11
1.21, -0.67, -9.88, -0.94, -0.15, -0.12
1.27, -0.53, -9.86, -1.03, -0.19, -0.15
1.25, -0.36, -9.87, -1.17, -0.19, -0.16
1.22, -0.28, -9.69, -1.30, -0.24, -0.18
1.32, 0.13, -9.62, -1.46, -0.30, -0.19
1.10, 0.70, -9.43, -1.59, -0.35, -0.20
1.01, 1.34, -9.31, -1.64, -0.41, -0.19
0.94, 1.75, -9.37, -1.67, -0.37, -0.15
0.74, 2.36, -8.99, -1.70, -0.38, -0.13
0.32, 3.49, -9.01, -1.62, -0.40, -0.12
0.08, 4.77, -9.35, -1.43, -0.25, -0.02
0.06, 5.54, -9.14, -1.15, -0.07, 0.07
0.24, 5.47, -9.43, -0.88, 0.04, 0.11
0.61, 4.80, -9.55, -0.68, -0.07, 0.06
0.72, 4.18, -9.35, -0.61, -0.11, 0.06
0.70, 3.79, -9.30, -0.59, -0.10, 0.05
0.80, 3.96, -9.29, -0.62, -0.10, 0.06
0.73, 4.30, -9.20, -0.66, -0.12, 0.04
0.61, 4.76, -9.28, -0.55, -0.10, 0.06
0.54, 4.82, -9.35, -0.42, -0.07, 0.06
0.72, 4.53, -9.30, -0.34, -0.06, 0.04
0.64, 4.26, -9.21, -0.34, -0.08, 0.02
0.52, 4.35, -9.23, -0.33, -0.09, 0.01
0.32, 4.65, -9.28, -0.30, -0.07, 0.01
0.32, 4.92, -9.23, -0.22, -0.05, 0.02
0.21, 4.95, -9.27, -0.12, -0.03, 0.02
0.37, 4.68, -9.25, -0.05, -0.00, 0.02
0.28, 4.78, -9.25, -0.03, -0.02, 0.02
0.25, 5.13, -9.18, 0.07, -0.01, 0.03
0.15, 5.19, -9.17, 0.20, 0.02, 0.06
0.18, 4.78, -9.35, 0.30, 0.03, 0.07
0.14, 4.47, -9.26, 0.34, 0.03, 0.07
0.23, 4.32, -9.31, 0.37, 0.04, 0.07
0.15, 4.32, -9.23, 0.42, 0.05, 0.08
0.25, 4.33, -9.21, 0.48, 0.06, 0.08
0.24, 4.34, -9.24, 0.56, 0.06, 0.07
0.30, 3.93, -9.27, 0.61, 0.07, 0.05
0.29, 3.60, -9.38, 0.61, 0.07, 0.04
0.36, 3.96, -9.31, 0.58, 0.06, 0.02
0.28, 4.36, -9.42, 0.74, 0.07, 0.02
0.28, 4.08, -9.38, 0.86, 0.07, 0.01
0.24, 3.29, -9.54, 0.92, 0.10, -0.00
0.33, 2.81, -9.40, 0.90, 0.12, -0.00
0.53, 2.83, -9.45, 0.84, 0.09, -0.02
0.50, 2.90, -9.50, 0.87, 0.08, -0.03
0.53, 2.66, -9.65, 0.90, 0.08, -0.02
0.59, 2.18, -9.58, 0.88, 0.11, -0.02
0.81, 1.80, -9.73, 0.80, 0.09, -0.03
1.03, 1.63, -9.70, 0.71, 0.05, -0.04
1.21, 1.73, -9.70, 0.63, 0.01, -0.06
1.04, 2.10, -9.73, 0.60, -0.03, -0.08
0.98, 2.17, -9.78, 0.66, -0.02, -0.08
0.92, 1.83, -9.83, 0.70, -0.02, -0.07
0.86, 1.65, -9.81, 0.67, -0.02, -0.06
0.74, 1.67, -9.80, 0.71, -0.03, -0.04
0.73, 1.28, -9.90, 0.71, -0.04, -0.04
0.72, 0.93, -9.96, 0.70, -0.02, -0.02
0.76, 0.73, -9.84, 0.62, 0.05, 0.01
0.81, 0.66, -9.95, 0.58, 0.06, 0.03
0.83, 0.51, -10.03, 0.54, 0.06, 0.03
0.79, 0.23, -9.98, 0.51, 0.03, 0.01
0.79, -0.06, -9.98, 0.44, 0.03, -0.01
0.89, -0.31, -10.08, 0.34, 0.07, -0.01
0.90, -0.44, -10.07, 0.23, 0.13, -0.01
1.07, -0.46, -10.00, 0.14, 0.15, -0.01
1.09, -0.48, -10.13, 0.05, 0.10, -0.03
1.01, -0.47, -9.97, -0.03, 0.00, -0.07
0.95, -0.41, -10.10, -0.11, -0.04, -0.09
0.98, -0.44, -10.00, -0.20, 0.01, -0.07
0.94, -0.53, -10.05, -0.31, 0.08, -0.04
0.96, -0.42, -10.03, -0.41, 0.05, -0.04
1.02, -0.36, -10.05, -0.50, -0.04, -0.07
1.01, -0.19, -9.98, -0.61, -0.11, -0.09
0.81, 0.09, -9.85, -0.69, -0.11, -0.09
0.93, 0.33, -9.91, -0.76, -0.07, -0.06
0.79, 0.55, -9.97, -0.80, -0.07, -0.05
0.77, 0.79, -9.85, -0.82, -0.12, -0.06
0.53, 1.08, -9.88, -0.86, -0.16, -0.08
0.51, 1.39, -9.77, -0.87, -0.16, -0.08
0.51, 1.63, -9.78, -0.85, -0.10, -0.05
0.57, 1.81, -9.79, -0.82, -0.03, -0.01
0.60, 1.71, -9.71, -0.81, -0.13, -0.05
0.47, 2.14, -9.64, -0.83, -0.16, -0.05
0.38, 2.55, -9.67, -0.78, -0.14, -0.04
0.31, 2.79, -9.68, -0.72, -0.09, -0.01
0.40, 2.72, -9.63, -0.65, -0.10, -0.01
0.48, 2.72, -9.66, -0.61, -0.10, -0.01
0.48, 2.65, -9.53, -0.60, -0.12, -0.01
0.48, 2.85, -9.58, -0.62, -0.12, -0.00
0.45, 3.11, -9.70, -0.59, -0.11, 0.00
0.41, 3.25, -9.67, -0.55, -0.10, -0.00
0.53, 3.26, -9.59, -0.50, -0.10, -0.01
0.56, 3.17, -9.52, -0.48, -0.10, -0.01
0.56, 3.10, -9.52, -0.48, -0.11, -0.02
0.47, 3.28, -9.55, -0.48, -0.11, -0.02
0.45, 3.45, -9.65, -0.47, -0.10, -0.02
0.41, 3.60, -9.59, -0.43, -0.08, -0.03
0.38, 3.71, -9.62, -0.38, -0.06, -0.03
0.38, 3.67, -9.53, -0.31, -0.06, -0.05
0.46, 3.53, -9.42, -0.30, -0.02, -0.05
0.37, 3.90, -9.43, -0.30, -0.01, -0.06
0.35, 4.30, -9.49, -0.23, 0.04, -0.04
0.34, 4.59, -9.45, -0.13, 0.05, -0.04
0.51, 4.63, -9.52, 0.00, 0.06, -0.03
0.63, 4.31, -9.48, 0.11, 0.05, -0.02
0.56, 4.16, -9.42, 0.16, 0.04, -0.02
0.50, 4.43, -9.47, 0.25, 0.06, 0.01
0.43, 4.49, -9.53, 0.37, 0.09, 0.03
0.52, 4.17, -9.59, 0.47, 0.10, 0.03
0.70, 4.08, -9.51, 0.52, 0.08, 0.03
0.53, 4.36, -9.39, 0.65, 0.09, 0.04
0.51, 4.58, -9.47, 0.80, 0.10, 0.05
0.41, 4.19, -9.56, 1.00, 0.13, 0.07
0.39, 3.42, -9.49, 1.10, 0.13, 0.07
0.35, 2.99, -9.57, 1.14, 0.12, 0.05
0.54, 2.96, -9.43, 1.18, 0.18, 0.08
0.50, 2.60, -9.40, 1.27, 0.25, 0.10
0.46, 1.87, -9.67, 1.31, 0.18, 0.05
0.43, 1.01, -9.76, 1.26, 0.13, 0.00
0.55, 0.38, -9.66, 1.13, 0.17, -0.01
0.74, 0.13, -9.78, 0.98, 0.25, 0.00
0.85, 0.02, -9.83, 0.88, 0.24, -0.01
0.69, -0.21, -9.92, 0.78, 0.12, -0.05
0.69, -0.47, -10.02, 0.66, 0.04, -0.09
0.62, -0.49, -9.98, 0.51, 0.07, -0.06
0.61, -0.11, -10.02, 0.41, 0.16, -0.02
0.65, -0.25, -10.05, 0.37, 0.17, 0.00
0.63, -0.36, -9.96, 0.29, 0.12, -0.01
0.84, -0.38, -9.98, 0.20, 0.12, -0.01
0.83, -0.24, -9.94, 0.11, 0.15, 0.02
0.94, -0.13, -9.99, 0.05, 0.15, 0.02
0.93, -0.03, -9.89, 0.02, 0.10, -0.00
0.98, -0.02, -9.96, -0.00, 0.07, -0.01
1.08, -0.09, -10.03, -0.03, 0.09, -0.01
1.24, -0.13, -10.09, -0.10, 0.08, -0.01
1.37, -0.14, -9.97, -0.17, 0.04, -0.02
1.22, -0.17, -9.98, -0.24, 0.01, -0.03
1.37, -0.13, -9.99, -0.30, 0.00, -0.03
1.26, 0.07, -10.02, -0.38, -0.01, -0.04
1.34, 0.31, -9.96, -0.41, -0.03, -0.04
1.28, 0.50, -9.89, -0.43, -0.03, -0.03
1.33, 0.48, -9.96, -0.46, -0.03, -0.04
1.37, 0.48, -9.89, -0.51, -0.05, -0.04
1.40, 0.61, -9.91, -0.56, -0.05, -0.04
1.43, 0.71, -9.97, -0.60, -0.07, -0.04
1.38, 0.84, -9.87, -0.64, -0.08, -0.05
1.28, 0.95, -9.88, -0.67, -0.07, -0.05
1.46, 1.03, -9.89, -0.69, -0.07, -0.07
1.34, 1.20, -9.96, -0.74, -0.09, -0.08
1.41, 1.11, -9.74, -0.77, -0.07, -0.09
1.64, 1.04, -9.73, -0.82, -0.09, -0.12
1.60, 0.97, -9.68, -0.90, -0.14, -0.18
1.40, 1.05, -9.60, -0.96, -0.17, -0.23
1.15, 1.25, -9.58, -1.01, -0.16, -0.24
1.17, 1.35, -9.58, -1.05, -0.14, -0.22
1.08, 1.44, -9.51, -1.15, -0.17, -0.22
1.01, 1.92, -9.47, -1.26, -0.20, -0.21
0.63, 2.95, -9.27, -1.31, -0.21, -0.17
0.34, 4.00, -9.35, -1.22, -0.21, -0.09
0.33, 4.59, -9.32, -1.05, -0.11, 0.03
0.27, 4.68, -9.54, -0.85, -0.08, 0.09
0.34, 4.20, -9.34, -0.73, -0.06, 0.11
0.40, 3.76, -9.21, -0.69, -0.03, 0.10
0.51, 4.07, -9.22, -0.68, -0.00, 0.10
0.63, 4.70, -9.33, -0.59, -0.02, 0.10
0.70, 4.76, -9.22, -0.49, -0.06, 0.10
0.51, 4.52, -9.31, -0.41, -0.07, 0.12
0.41, 4.49, -9.37, -0.38, -0.05, 0.14
0.44, 4.86, -9.27, -0.35, -0.05, 0.15
0.23, 5.45, -9.39, -0.26, -0.04, 0.15
0.29, 5.91, -9.34, -0.08, -0.01, 0.14
0.50, 5.85, -9.21, 0.14, 0.02, 0.13
0.66, 5.21, -9.31, 0.27, -0.02, 0.09
0.55, 4.78, -9.35, 0.34, -0.04, 0.06
0.48, 4.52, -9.29, 0.37, -0.04, 0.05
0.41, 4.35, -9.30, 0.39, -0.05, 0.03
0.62, 4.23, -9.24, 0.42, -0.04, 0.02
0.60, 3.98, -9.37, 0.45, -0.05, 0.02
0.66, 3.68, -9.42, 0.45, -0.07, 0.01
0.56, 3.35, -9.44, 0.41, -0.08, -0.00
0.61, 3.26, -9.41, 0.36, -0.09, -0.00
0.59, 3.40, -9.36, 0.33, -0.09, 0.00
0.64, 3.53, -9.40, 0.35, -0.09, 0.01
0.52, 3.41, -9.46, 0.40, -0.06, 0.01
0.61, 3.30, -9.56, 0.40, -0.04, 0.02
0.64, 3.01, -9.47, 0.37, -0.05, 0.03
0.68, 3.03, -9.65, 0.36, -0.04, 0.05
0.73, 2.87, -9.57, 0.35, -0.02, 0.07
0.75, 2.75, -9.58, 0.31, -0.02, 0.07
0.90, 3.11, -9.47, 0.27, -0.04, 0.05
0.77, 3.62, -9.57, 0.34, -0.04, 0.05
0.68, 3.60, -9.60, 0.47, -0.02, 0.06
0.73, 3.15, -9.58, 0.53, 0.02, 0.08
0.74, 3.53, -9.60, 0.55, 0.02, 0.07
0.79, 3.90, -9.58, 0.68, 0.03, 0.05
0.76, 3.76, -9.61, 0.86, 0.04, 0.05
0.79, 3.23, -9.61, 1.00, 0.06, 0.06
0.74, 2.55, -9.57, 1.05, 0.07, 0.07
0.80, 1.96, -9.54, 1.07, 0.08, 0.09
0.74, 1.77, -9.57, 1.06, 0.09, 0.09
0.91, 1.49, -9.74, 1.07, 0.08, 0.10
0.80, 0.63, -9.85, 1.02, 0.05, 0.08
0.96, 0.02, -9.90, 0.87, 0.06, 0.07
0.92, -0.31, -9.98, 0.68, 0.07, 0.07
0.91, -0.09, -10.06, 0.55, 0.02, 0.06
0.59, 0.04, -10.07, 0.50, -0.04, 0.01
0.70, -0.18, -10.03, 0.44, -0.04, -0.02
0.68, -0.50, -10.08, 0.33, 0.06, -0.01
0.84, -0.61, -10.13, 0.20, 0.13, 0.00
0.89, -0.64, -10.11, 0.06, 0.11, -0.02
0.94, -0.52, -10.00, -0.04, 0.00, -0.07
0.91, -0.32, -9.98, -0.15, -0.06, -0.10
0.87, -0.24, -9.91, -0.21, -0.05, -0.09
0.75, -0.10, -9.99, -0.26, -0.02, -0.09
0.81, -0.15, -10.00, -0.33, -0.01, -0.09
0.79, -0.09, -9.99, -0.40, -0.04, -0.10
0.79, -0.07, -9.94, -0.49, -0.09, -0.11
0.87, 0.01, -9.91, -0.57, -0.12, -0.11
0.77, 0.07, -9.85, -0.67, -0.12, -0.11
0.69, 0.24, -9.93, -0.74, -0.14, -0.11
0.56, 0.42, -9.83, -0.82, -0.15, -0.11
0.62, 0.63, -9.75, -0.91, -0.16, -0.12
0.41, 1.34, -9.73, -0.97, -0.18, -0.13
0.26, 1.92, -9.69, -0.95, -0.15, -0.11
0.26, 2.28, -9.70, -0.90, -0.08, -0.09
0.31, 2.47, -9.75, -0.82, -0.00, -0.06
0.46, 2.33, -9.74, -0.78, 0.02, -0.05
0.55, 2.18, -9.78, -0.79, -0.01, -0.07
0.76, 2.19, -9.74, -0.84, -0.05, -0.09
0.69, 2.21, -9.57, -0.88, -0.08, -0.09
0.63, 2.44, -9.56, -0.93, -0.06, -0.09
0.73, 2.46, -9.50, -0.95, -0.05, -0.08
0.88, 2.64, -9.45, -0.98, -0.09, -0.09
0.72, 2.97, -9.31, -1.04, -0.12, -0.10
0.69, 3.56, -9.28, -1.04, -0.13, -0.09
0.76, 3.96, -9.41, -0.97, -0.12, -0.07
0.88, 3.99, -9.22, -0.93, -0.16, -0.08
0.83, 4.06, -9.20, -0.90, -0.20, -0.08
0.77, 4.19, -9.11, -0.88, -0.20, -0.07
0.51, 4.72, -8.99, -0.87, -0.21, -0.06
0.15, 5.79, -9.23, -0.74, -0.19, -0.05
0.08, 6.38, -9.22, -0.52, -0.11, 0.00
0.10, 6.43, -9.14, -0.25, -0.04, 0.03
0.28, 5.93, -9.22, -0.03, -0.02, 0.04
0.34, 5.07, -9.26, 0.06, -0.02, 0.03
0.39, 4.73, -9.33, 0.10, -0.01, 0.03
0.46, 4.50, -9.13, 0.07, 0.01, 0.04
0.49, 4.45, -9.24, 0.09, 0.02, 0.04
0.34, 4.52, -9.16, 0.12, 0.02, 0.03
0.40, 4.79, -9.24, 0.19, 0.04, 0.03
0.30, 4.85, -9.36, 0.30, 0.07, 0.03
0.33, 4.55, -9.22, 0.38, 0.08, 0.03
0.32, 4.23, -9.22, 0.42, 0.10, 0.02
0.35, 4.18, -9.35, 0.45, 0.11, 0.01
0.34, 4.18, -9.32, 0.51, 0.13, 0.01
0.36, 4.30, -9.36, 0.58, 0.13, 0.01
0.49, 3.97, -9.23, 0.70, 0.13, 0.01
0.42, 3.46, -9.43, 0.70, 0.12, -0.01
0.44, 3.18, -9.42, 0.69, 0.13, -0.01
0.38, 3.03, -9.46, 0.65, 0.11, -0.01
0.47, 3.23, -9.48, 0.65, 0.09, -0.00
0.39, 3.20, -9.48, 0.69, 0.08, 0.01
0.41, 2.88, -9.53, 0.72, 0.08, 0.03
0.40, 2.65, -9.57, 0.72, 0.09, 0.04
0.40, 2.47, -9.71, 0.70, 0.09, 0.06
0.40, 2.19, -9.64, 0.67, 0.08, 0.07
0.38, 1.99, -9.67, 0.64, 0.07, 0.07
0.43, 1.86, -9.67, 0.57, 0.09, 0.07
0.46, 1.83, -9.73, 0.56, 0.11, 0.07
0.44, 1.79, -9.77, 0.52, 0.09, 0.05
0.44, 1.58, -9.90, 0.50, 0.09, 0.04
0.60, 1.42, -9.91, 0.43, 0.11, 0.03
0.66, 1.37, -9.74, 0.39, 0.09, 0.01
0.74, 1.54, -9.76, 0.33, 0.08, -0.01
0.68, 1.51, -9.91, 0.31, 0.09, -0.03
0.79, 1.48, -9.86, 0.28, 0.09, -0.05
0.91, 1.37, -9.90, 0.24, 0.08, -0.07
1.00, 1.34, -9.78, 0.20, 0.06, -0.08
0.99, 1.40, -9.93, 0.17, 0.05, -0.08
1.00, 1.28, -9.83, 0.12, 0.06, -0.08
1.04, 1.45, -9.90, 0.07, 0.05, -0.08
1.12, 1.49, -9.88, 0.04, 0.04, -0.07
1.02, 1.67, -9.81, 0.03, 0.02, -0.06
1.08, 1.62, -9.91, 0.02, 0.02, -0.05
1.00, 1.66, -9.83, 0.03, 0.02, -0.05
1.11, 1.57, -9.87, 0.03, 0.03, -0.04
1.13, 1.43, -9.86, 0.01, 0.03, -0.04
1.19, 1.19, -9.87, -0.02, 0.02, -0.04
1.23, 1.06, -9.91, -0.08, 0.01, -0.03
1.21, 0.87, -9.97, -0.17, -0.00, -0.03
1.31, 0.70, -9.95, -0.26, -0.00, -0.04
1.42, 0.51, -10.01, -0.37, -0.03, -0.06
1.39, 0.45, -9.99, -0.49, -0.08, -0.07
1.44, 0.34, -9.89, -0.65, -0.13, -0.08
1.36, 0.30, -9.85, -0.81, -0.16, -0.09
1.19, 0.26, -9.79, -0.99, -0.20, -0.11
1.18, 0.40, -9.54, -1.18, -0.24, -0.11
0.94, 1.20, -9.32, -1.36, -0.30, -0.13
0.72, 2.14, -9.38, -1.41, -0.28, -0.11
0.38, 2.82, -9.39, -1.37, -0.29, -0.12
0.33, 3.19, -9.26, -1.26, -0.28, -0.11
0.05, 3.62, -9.21, -1.19, -0.22, -0.09
0.04, 4.08, -9.24, -1.08, -0.15, -0.07
-0.08, 4.49, -9.17, -0.97, -0.07, -0.03
-0.00, 4.68, -9.22, -0.85, -0.03, 0.00
0.10, 4.60, -9.40, -0.74, -0.07, -0.00
0.08, 4.49, -9.15, -0.68, -0.08, 0.00
0.10, 4.56, -9.09, -0.64, -0.06, 0.01
0.08, 4.72, -9.17, -0.58, -0.04, 0.01
0.12, 4.85, -9.06, -0.49, -0.03, -0.01
0.12, 4.84, -9.12, -0.41, -0.03, -0.01
0.07, 5.00, -9.18, -0.34, -0.01, -0.02
0.11, 5.24, -9.09, -0.27, -0.01, -0.02
0.01, 5.50, -9.08, -0.17, 0.00, -0.03
0.04, 5.49, -9.18, -0.04, 0.03, -0.03
0.24, 5.23, -9.15, 0.07, 0.06, -0.04
0.22, 5.01, -9.28, 0.13, 0.06, -0.04
0.36, 5.02, -9.20, 0.17, 0.06, -0.04
0.28, 5.34, -9.22, 0.27, 0.05, -0.03
0.24, 5.46, -9.19, 0.40, 0.07, -0.02
0.28, 4.95, -9.15, 0.52, 0.11, -0.01
0.39, 4.37, -9.17, 0.55, 0.12, -0.01
0.64, 4.23, -9.18, 0.53, 0.11, -0.00
0.66, 4.57, -9.24, 0.55, 0.09, 0.00
0.60, 4.70, -9.20, 0.69, 0.10, 0.01
0.74, 4.35, -9.28, 0.79, 0.11, 0.01
0.79, 3.74, -9.30, 0.82, 0.12, 0.00
0.96, 3.29, -9.29, 0.78, 0.12, -0.01
0.96, 3.43, -9.35, 0.74, 0.09, -0.01
0.92, 3.65, -9.36, 0.80, 0.08, -0.01
0.85, 3.56, -9.48, 0.89, 0.09, -0.01
0.77, 3.14, -9.54, 0.93, 0.10, -0.01
0.84, 2.63, -9.36, 0.94, 0.12, -0.01
0.95, 2.62, -9.51, 0.90, 0.11, -0.02
0.98, 2.78, -9.61, 0.92, 0.10, -0.02
0.77, 2.78, -9.56, 0.99, 0.11, -0.02
0.76, 2.14, -9.73, 1.04, 0.13, -0.01
0.87, 1.49, -9.75, 1.01, 0.13, -0.02
1.04, 0.85, -9.83, 0.90, 0.16, -0.02
1.21, 0.77, -9.91, 0.76, 0.10, -0.02
1.03, 1.34, -9.78, 0.70, 0.06, -0.02
0.84, 1.59, -9.83, 0.76, 0.07, -0.01
0.64, 0.95, -9.93, 0.81, 0.07, -0.01
0.82, 0.39, -9.90, 0.73, 0.11, -0.01
0.94, 0.21, -9.88, 0.60, 0.15, 0.01
0.98, 0.31, -9.93, 0.57, 0.06, -0.01
0.75, 0.58, -10.00, 0.54, 0.03, -0.01
0.68, 0.28, -9.82, 0.56, 0.02, -0.00
0.70, -0.04, -9.87, 0.48, 0.08, 0.02
0.78, -0.31, -9.88, 0.39, 0.14, 0.04
0.83, -0.41, -10.17, 0.30, 0.11, 0.04
0.86, -0.47, -9.98, 0.22, 0.06, 0.02
0.90, -0.44, -10.02, 0.13, 0.03, 0.00
0.88, -0.46, -10.14, 0.07, 0.03, -0.00
0.79, -0.45, -10.06, 0.00, 0.05, -0.01
0.84, -0.34, -10.06, -0.07, 0.07, -0.00
1.03, -0.33, -10.01, -0.12, 0.02, -0.02
1.09, -0.22, -10.03, -0.19, -0.02, -0.04
1.04, -0.13, -10.05, -0.25, -0.04, -0.03
1.00, -0.11, -9.91, -0.30, -0.04, -0.03
1.15, 0.05, -9.94, -0.34, -0.04, -0.04
1.14, 0.10, -10.04, -0.39, -0.05, -0.04
1.25, 0.12, -9.88, -0.44, -0.07, -0.05
1.22, 0.25, -9.90, -0.50, -0.09, -0.06
1.16, 0.45, -9.95, -0.55, -0.09, -0.06
1.13, 0.57, -9.93, -0.58, -0.10, -0.06
1.20, 0.61, -9.94, -0.61, -0.10, -0.06
1.13, 0.69, -9.89, -0.64, -0.11, -0.06
1.22, 0.68, -9.94, -0.69, -0.11, -0.06
1.22, 0.73, -9.86, -0.77, -0.12, -0.06
1.18, 1.02, -9.79, -0.85, -0.14, -0.07
1.23, 1.46, -9.64, -0.88, -0.15, -0.07
1.19, 1.89, -9.68, -0.86, -0.17, -0.06
1.07, 2.12, -9.80, -0.80, -0.15, -0.06
1.04, 2.08, -9.64, -0.75, -0.13, -0.05
0.93, 1.98, -9.79, -0.73, -0.13, -0.05
1.07, 1.86, -9.73, -0.75, -0.13, -0.04
1.04, 1.94, -9.65, -0.82, -0.15, -0.04
1.01, 2.38, -9.67, -0.84, -0.15, -0.04
0.75, 2.76, -9.60, -0.82, -0.15, -0.04
0.73, 2.97, -9.71, -0.76, -0.12, -0.03
0.71, 3.06, -9.68, -0.71, -0.11, -0.02
0.72, 3.07, -9.63, -0.67, -0.12, -0.03
0.59, 3.08, -9.52, -0.65, -0.11, -0.02
0.65, 3.10, -9.50, -0.62, -0.10, -0.01
0.45, 3.29, -9.53, -0.61, -0.11, -0.00
0.37, 3.43, -9.58, -0.58, -0.09, -0.01
0.33, 3.42, -9.54, -0.54, -0.06, -0.01
0.27, 3.33, -9.57, -0.52, -0.05, -0.03
0.11, 3.56, -9.29, -0.55, -0.05, -0.04
-0.11, 4.37, -9.41, -0.48, -0.02, -0.05
-0.24, 4.92, -9.43, -0.32, 0.07, -0.01
-0.02, 4.90, -9.43, -0.14, 0.14, 0.01
0.16, 4.34, -9.46, -0.04, 0.14, -0.01
0.31, 3.95, -9.36, -0.00, 0.11, -0.02
0.45, 3.87, -9.40, 0.01, 0.10, -0.02
0.36, 3.82, -9.42, 0.03, 0.09, -0.03
0.46, 3.88, -9.42, 0.05, 0.08, -0.04
0.50, 3.87, -9.42, 0.09, 0.09, -0.03
0.76, 3.81, -9.37, 0.11, 0.07, -0.03
0.69, 3.83, -9.37, 0.14, 0.05, -0.03
0.70, 3.99, -9.43, 0.16, 0.03, -0.02
0.64, 4.26, -9.37, 0.24, 0.03, 0.00
0.73, 4.27, -9.42, 0.34, 0.04, 0.02
0.76, 3.91, -9.38, 0.42, 0.04, 0.03
0.80, 3.75, -9.40, 0.45, 0.04, 0.05
0.90, 3.97, -9.50, 0.49, 0.02, 0.06
0.94, 4.06, -9.45, 0.61, 0.01, 0.08
0.86, 3.80, -9.46, 0.70, 0.01, 0.09
0.94, 3.51, -9.51, 0.74, 0.01, 0.09
0.93, 3.37, -9.58, 0.79, 0.01, 0.10
0.99, 3.28, -9.59, 0.83, -0.00, 0.10
0.86, 3.02, -9.56, 0.88, 0.00, 0.10
0.95, 2.89, -9.68, 0.91, 0.01, 0.10
1.07, 2.73, -9.54, 0.94, 0.01, 0.09
0.93, 2.44, -9.65, 1.00, 0.01, 0.08
0.90, 2.19, -9.70, 1.01, 0.02, 0.08
0.90, 1.96, -9.72, 1.03, 0.05, 0.04
0.94, 1.75, -9.79, 1.07, 0.07, -0.01
1.02, 1.19, -9.73, 1.07, 0.07, -0.06
1.05, 0.87, -9.74, 1.02, 0.06, -0.08
1.04, 0.43, -9.93, 0.98, 0.03, -0.10
1.06, -0.03, -9.83, 0.87, 0.04, -0.12
0.94, -0.35, -9.84, 0.74, 0.06, -0.12
1.08, -0.37, -9.95, 0.62, 0.09, -0.09
0.98, -0.40, -9.92, 0.52, 0.08, -0.10
1.02, -0.32, -10.11, 0.47, 0.03, -0.10
0.84, -0.48, -10.10, 0.42, 0.02, -0.10
0.80, -0.75, -10.15, 0.33, 0.06, -0.07
0.86, -0.83, -10.08, 0.21, 0.08, -0.05
0.86, -0.77, -9.98, 0.11, 0.05, -0.04
0.82, -0.59, -9.99, 0.04, 0.01, -0.03
0.79, -0.52, -10.07, -0.01, 0.01, -0.02
0.74, -0.48, -10.06, -0.07, 0.03, -0.00
0.79, -0.40, -9.96, -0.13, 0.04, 0.01
0.87, -0.33, -9.98, -0.17, 0.04, 0.02
0.89, -0.28, -10.04, -0.21, 0.02, 0.02
0.91, -0.32, -10.04, -0.25, -0.02, 0.01
0.83, -0.33, -9.99, -0.31, -0.05, 0.00
0.94, -0.35, -10.04, -0.37, -0.08, 0.00
0.86, -0.42, -10.04, -0.46, -0.07, 0.01
0.99, -0.34, -9.91, -0.55, -0.08, 0.02
0.80, -0.10, -9.88, -0.63, -0.13, 0.00
0.88, 0.40, -9.94, -0.68, -0.16, 0.00
0.70, 0.70, -9.94, -0.67, -0.13, 0.02
0.88, 0.83, -9.99, -0.68, -0.08, 0.04
0.75, 0.85, -9.82, -0.69, -0.08, 0.04
0.86, 0.89, -9.85, -0.70, -0.13, 0.03
0.76, 1.00, -9.78, -0.72, -0.16, 0.01
0.78, 0.94, -9.87, -0.77, -0.12, 0.03
1.00, 0.98, -9.89, -0.83, -0.03, 0.05
1.05, 0.94, -9.90, -0.89, -0.04, 0.03
1.05, 0.97, -9.76, -0.99, -0.13, -0.01
1.06, 1.38, -9.67, -1.06, -0.21, -0.04
0.92, 1.62, -9.57, -1.09, -0.17, -0.03
0.94, 1.82, -9.57, -1.11, -0.12, -0.03
1.03, 2.03, -9.62, -1.14, -0.11, -0.04
0.92, 2.24, -9.50, -1.20, -0.18, -0.06
0.79, 2.71, -9.31, -1.24, -0.26, -0.10
0.56, 3.61, -9.27, -1.22, -0.19, -0.06
0.42, 4.36, -9.34, -1.07, -0.09, -0.03
0.41, 4.91, -9.45, -0.88, 0.01, -0.01
0.41, 4.96, -9.55, -0.64, -0.02, -0.01
0.49, 4.47, -9.59, -0.51, -0.01, -0.01
0.62, 4.26, -9.43, -0.47, 0.00, 0.00
0.59, 4.53, -9.39, -0.42, 0.02, 0.01
0.50, 4.85, -9.51, -0.29, 0.04, 0.02
0.58, 4.85, -9.51, -0.15, 0.07, 0.04
0.60, 4.41, -9.51, -0.06, 0.07, 0.04
0.70, 4.06, -9.56, -0.02, 0.06, 0.03
0.70, 3.84, -9.47, -0.01, 0.05, 0.04
0.76, 3.79, -9.39, -0.00, 0.03, 0.04
0.66, 3.94, -9.44, 0.02, 0.02, 0.03
0.56, 3.94, -9.48, 0.08, 0.01, 0.04
0.52, 3.92, -9.37, 0.13, 0.01, 0.04
0.49, 3.89, -9.40, 0.21, 0.02, 0.04
0.53, 3.61, -9.44, 0.25, 0.02, 0.05
0.50, 3.29, -9.49, 0.25, 0.02, 0.05
0.50, 3.26, -9.50, 0.23, 0.02, 0.04
0.54, 3.34, -9.34, 0.24, 0.01, 0.04
0.49, 3.31, -9.52, 0.27, 0.01, 0.03
0.48, 3.21, -9.56, 0.27, 0.01, 0.02
0.54, 3.46, -9.50, 0.28, -0.01, 0.01
0.51, 3.69, -9.42, 0.33, -0.02, 0.02
0.40, 3.86, -9.49, 0.43, -0.01, 0.03
0.43, 3.67, -9.58, 0.51, -0.01, 0.03
0.48, 3.79, -9.54, 0.56, -0.01, 0.04
0.53, 4.06, -9.51, 0.67, -0.00, 0.05
0.48, 3.91, -9.47, 0.83, -0.00, 0.05
0.33, 3.37, -9.50, 0.91, -0.00, 0.05
0.42, 2.95, -9.42, 0.94, 0.03, 0.05
0.57, 2.92, -9.50, 0.96, 0.05, 0.06
0.71, 2.95, -9.56, 1.03, 0.03, 0.06
0.58, 2.56, -9.54, 1.10, 0.02, 0.06
0.57, 1.71, -9.79, 1.15, -0.00, 0.03
0.72, 1.02, -9.71, 1.05, 0.05, 0.02
0.84, 0.37, -9.85, 0.94, 0.09, 0.01
1.05, 0.11, -9.88, 0.79, 0.09, 0.01
1.03, -0.08, -9.96, 0.65, 0.05, -0.01
1.07, -0.27, -9.96, 0.50, 0.00, -0.04
1.00, -0.10, -9.95, 0.35, -0.01, -0.05
0.99, 0.04, -10.01, 0.27, 0.01, -0.04
1.03, -0.04, -9.96, 0.19, 0.05, -0.03
1.08, -0.15, -10.16, 0.07, 0.07, -0.02
1.01, -0.09, -10.06, -0.04, 0.05, -0.03
0.96, 0.06, -10.09, -0.12, -0.00, -0.06
0.90, 0.16, -9.92, -0.20, -0.02, -0.08
0.93, 0.12, -9.94, -0.28, 0.02, -0.08
0.94, 0.20, -9.98, -0.38, 0.09, -0.07
0.89, 0.35, -10.00, -0.46, 0.10, -0.06
0.97, 0.54, -10.02, -0.51, 0.05, -0.08
0.85, 0.76, -9.89, -0.54, -0.01, -0.09
0.87, 0.98, -9.85, -0.58, -0.01, -0.08
0.74, 1.27, -9.83, -0.58, 0.06, -0.04
0.75, 1.48, -9.81, -0.56, 0.11, -0.01
0.71, 1.75, -9.91, -0.52, 0.07, -0.01
0.70, 1.84, -9.89, -0.50, 0.06, 0.00
0.53, 2.03, -9.92, -0.47, 0.05, 0.04
0.53, 2.23, -9.77, -0.44, 0.10, 0.10
0.59, 1.97, -9.84, -0.38, 0.17, 0.19
0.97, 1.31, -10.21, -0.42, 0.16, 0.24
1.07, 1.88, -9.60, -0.65, 0.04, 0.26
0.83, 2.58, -9.83, -0.55, 0.03, 0.28
0.75, 2.83, -9.62, -0.43, 0.09, 0.30
0.91, 2.72, -9.73, -0.30, 0.09, 0.27
1.08, 2.41, -9.79, -0.28, 0.05, 0.21
1.03, 2.28, -9.74, -0.28, 0.03, 0.15
1.08, 2.23, -9.72, -0.27, 0.04, 0.08
1.08, 2.14, -9.75, -0.30, 0.01, 0.01
1.10, 2.16, -9.70, -0.31, -0.01, -0.05
1.06, 2.33, -9.67, -0.33, -0.03, -0.09
1.19, 2.59, -9.67, -0.31, -0.03, -0.10
1.27, 2.56, -9.78, -0.28, -0.05, -0.10
1.25, 2.72, -9.73, -0.29, -0.09, -0.11
1.21, 2.85, -9.54, -0.26, -0.09, -0.10
1.19, 3.07, -9.50, -0.21, -0.09, -0.10
1.13, 3.01, -9.77, -0.14, -0.09, -0.10
1.35, 2.56, -9.85, -0.11, -0.10, -0.11
1.41, 2.21, -9.67, -0.16, -0.13, -0.14
1.43, 1.79, -9.65, -0.23, -0.16, -0.16
1.42, 1.52, -9.66, -0.33, -0.18, -0.18
1.32, 1.34, -9.62, -0.51, -0.22, -0.22
1.19, 1.42, -9.67, -0.70, -0.24, -0.24
1.13, 1.52, -9.65, -0.87, -0.23, -0.26
1.09, 1.83, -9.39, -1.03, -0.26, -0.26
0.98, 2.37, -9.27, -1.16, -0.27, -0.25
0.83, 2.93, -9.30, -1.22, -0.26, -0.23
0.56, 3.65, -9.16, -1.25, -0.26, -0.21
0.43, 4.72, -9.05, -1.13, -0.28, -0.17
