-1.04, 8.40, -8.44, -1.00, 0.05, 0.11
-0.89, 9.14, -8.54, -0.65, 0.10, 0.08
-0.76, 9.35, -8.62, -0.30, 0.13, 0.03
-0.62, 9.09, -8.61, 0.01, 0.14, -0.01
-0.42, 8.60, -8.64, 0.25, 0.11, -0.03
-0.58, 8.30, -8.60, 0.44, 0.04, -0.04
-0.48, 7.80, -8.66, 0.60, 0.04, -0.05
-0.41, 7.13, -8.63, 0.73, 0.08, -0.05
-0.56, 6.72, -8.61, 0.81, 0.02, -0.06
-0.52, 6.36, -8.49, 0.89, -0.01, -0.05
-0.42, 5.83, -8.47, 0.96, 0.07, -0.03
-0.39, 5.40, -8.49, 1.02, 0.08, -0.01
-0.35, 5.06, -8.53, 1.04, -0.00, -0.01
-0.30, 4.42, -8.68, 1.06, 0.01, -0.00
-0.33, 3.91, -8.77, 1.04, 0.08, -0.00
-0.20, 3.47, -8.68, 1.00, 0.06, -0.02
-0.17, 3.26, -9.05, 0.95, -0.00, -0.04
-0.18, 2.89, -9.12, 0.89, 0.02, -0.05
-0.07, 2.24, -9.22, 0.81, 0.07, -0.05
-0.03, 1.54, -9.41, 0.67, 0.06, -0.06
-0.02, 1.11, -9.47, 0.49, -0.01, -0.07
-0.05, 0.88, -9.48, 0.32, -0.01, -0.07
-0.16, 0.78, -9.65, 0.15, 0.02, -0.06
-0.03, 0.51, -9.60, -0.02, 0.02, -0.04
-0.05, 0.23, -9.47, -0.22, -0.02, -0.03
-0.02, 0.11, -9.33, -0.44, -0.07, -0.02
-0.19, 0.42, -9.23, -0.64, -0.11, -0.00
-0.32, 0.70, -9.13, -0.81, -0.12, 0.00
-0.51, 0.92, -9.11, -0.97, -0.10, 0.01
-0.54, 1.23, -8.94, -1.17, -0.11, 0.01
-0.65, 2.08, -8.89, -1.29, -0.13, 0.02
-0.72, 3.10, -8.81, -1.34, -0.11, 0.04
-0.91, 4.03, -8.83, -1.31, -0.06, 0.06
-0.96, 5.02, -8.65, -1.25, -0.04, 0.08
-0.95, 6.09, -8.71, -1.10, -0.03, 0.09
-0.99, 7.27, -8.76, -0.88, 0.03, 0.09
-0.79, 8.09, -8.82, -0.60, 0.08, 0.10
-0.78, 8.64, -8.98, -0.29, 0.12, 0.09
-0.45, 8.77, -8.84, 0.02, 0.12, 0.08
-0.34, 8.63, -8.79, 0.31, 0.10, 0.07
-0.35, 8.05, -8.92, 0.54, 0.06, 0.06
-0.39, 7.52, -8.80, 0.72, 0.06, 0.04
-0.19, 7.01, -8.95, 0.88, 0.10, 0.02
-0.16, 6.40, -8.89, 0.99, 0.08, 0.01
-0.15, 5.79, -8.73, 1.08, 0.03, -0.01
-0.05, 5.11, -8.81, 1.13, 0.03, -0.02
-0.05, 4.51, -8.78, 1.15, 0.05, -0.03
0.00, 3.88, -8.83, 1.14, 0.02, -0.04
0.00, 3.17, -8.93, 1.09, 0.02, -0.05
0.18, 2.70, -9.00, 1.02, 0.04, -0.06
0.18, 2.09, -9.15, 0.93, 0.02, -0.07
0.28, 1.47, -9.31, 0.80, -0.03, -0.07
0.22, 0.87, -9.49, 0.62, -0.06, -0.07
0.10, 0.28, -9.64, 0.40, -0.07, -0.05
0.05, -0.09, -9.62, 0.19, -0.08, -0.03
-0.13, -0.21, -9.70, -0.07, -0.09, -0.01
-0.14, 0.00, -9.65, -0.32, -0.11, 0.02
-0.46, 0.69, -9.44, -0.52, -0.13, 0.03
-0.51, 1.76, -9.14, -0.61, -0.09, 0.05
-0.56, 2.55, -9.04, -0.61, -0.03, 0.06
-0.45, 2.95, -9.14, -0.57, 0.02, 0.07
-0.31, 2.88, -9.21, -0.55, 0.03, 0.07
-0.31, 2.72, -9.33, -0.57, -0.01, 0.07
-0.24, 2.48, -9.38, -0.62, -0.05, 0.05
-0.22, 2.39, -9.34, -0.71, -0.04, 0.06
-0.23, 2.18, -9.41, -0.83, -0.06, 0.06
-0.41, 2.17, -9.21, -1.01, -0.14, 0.06
-0.65, 2.81, -9.07, -1.18, -0.20, 0.04
-0.95, 4.06, -8.94, -1.22, -0.15, 0.04
-0.92, 5.81, -8.74, -1.09, -0.03, 0.05
-0.89, 7.28, -8.51, -0.81, 0.03, 0.04
-0.70, 8.50, -8.43, -0.43, 0.01, 0.01
-0.67, 8.92, -8.74, 0.03, 0.06, -0.03
-0.41, 8.09, -9.63, 0.42, 0.20, -0.07
-0.29, 6.50, -9.59, 0.61, 0.19, -0.12
-0.21, 5.78, -9.15, 0.64, -0.02, -0.17
-0.31, 5.94, -8.93, 0.73, -0.06, -0.19
-0.33, 6.26, -9.00, 0.89, 0.07, -0.18
-0.29, 5.92, -8.85, 1.04, 0.14, -0.19
-0.20, 5.26, -8.83, 1.14, 0.06, -0.21
-0.21, 4.33, -9.09, 1.20, 0.07, -0.23
-0.10, 3.73, -9.32, 1.20, 0.16, -0.23
0.11, 3.05, -9.28, 1.15, 0.14, -0.24
0.17, 2.66, -9.47, 1.07, 0.05, -0.25
0.10, 2.40, -9.40, 1.00, 0.01, -0.25
0.10, 2.05, -9.49, 0.94, 0.05, -0.22
-0.02, 1.54, -9.44, 0.85, 0.04, -0.19
-0.07, 1.11, -9.65, 0.72, -0.01, -0.16
-0.22, 0.68, -9.56, 0.59, -0.01, -0.13
-0.22, 0.42, -9.46, 0.46, 0.00, -0.10
-0.36, 0.09, -9.51, 0.32, -0.03, -0.07
-0.40, -0.11, -9.64, 0.18, -0.01, -0.03
-0.28, -0.46, -9.64, 0.02, 0.06, 0.01
-0.15, -0.54, -9.67, -0.16, 0.02, 0.03
-0.17, -0.24, -9.48, -0.33, -0.10, 0.03
-0.29, 0.31, -9.54, -0.45, -0.14, 0.04
-0.37, 0.76, -9.40, -0.52, -0.08, 0.04
-0.38, 0.89, -9.45, -0.58, -0.05, 0.05
-0.32, 0.75, -9.45, -0.68, -0.09, 0.04
-0.31, 0.38, -9.45, -0.83, -0.15, 0.05
-0.32, 0.01, -9.41, -1.04, -0.16, 0.07
-0.44, -0.23, -9.39, -1.33, -0.18, 0.08
-0.65, 0.89, -9.18, -1.60, -0.27, 0.09
-1.01, 2.48, -8.88, -1.69, -0.29, 0.09
-1.20, 4.09, -8.70, -1.63, -0.15, 0.13
-1.21, 5.45, -8.65, -1.45, 0.02, 0.15
-0.91, 6.70, -8.22, -1.16, 0.10, 0.15
-0.66, 8.11, -8.90, -0.77, 0.15, 0.12
-0.36, 8.58, -9.78, -0.35, 0.19, 0.07
0.03, 7.57, -9.47, -0.07, 0.19, 0.02
-0.08, 6.67, -8.87, 0.08, -0.01, -0.06
-0.48, 7.13, -9.04, 0.25, -0.12, -0.11
-0.54, 7.68, -9.17, 0.52, 0.09, -0.11
-0.38, 7.37, -8.97, 0.80, 0.24, -0.12
-0.19, 6.65, -8.92, 1.02, 0.16, -0.15
-0.14, 5.73, -9.14, 1.15, 0.09, -0.18
-0.12, 5.05, -9.24, 1.25, 0.14, -0.18
-0.11, 4.30, -9.26, 1.29, 0.19, -0.18
-0.00, 3.73, -9.36, 1.30, 0.13, -0.17
-0.04, 2.92, -9.32, 1.27, 0.07, -0.16
0.03, 2.32, -9.53, 1.21, 0.07, -0.14
-0.07, 1.75, -9.46, 1.12, 0.07, -0.11
-0.10, 1.07, -9.54, 0.99, 0.01, -0.09
-0.30, 0.50, -9.39, 0.83, -0.02, -0.06
-0.23, -0.09, -9.50, 0.67, -0.01, -0.03
-0.37, -0.58, -9.59, 0.47, -0.00, -0.02
-0.30, -0.77, -9.62, 0.28, -0.02, 0.01
-0.30, -0.91, -9.62, 0.08, -0.04, 0.03
-0.28, -0.93, -9.57, -0.11, -0.04, 0.06
-0.28, -0.70, -9.70, -0.28, -0.08, 0.06
-0.39, -0.34, -9.42, -0.43, -0.12, 0.06
-0.30, -0.21, -9.45, -0.55, -0.10, 0.06
-0.33, -0.23, -9.56, -0.70, -0.08, 0.06
-0.31, -0.54, -9.61, -0.89, -0.11, 0.06
-0.18, -0.92, -9.50, -1.13, -0.16, 0.08
-0.28, -1.08, -9.45, -1.44, -0.19, 0.09
-0.48, -0.50, -9.13, -1.75, -0.24, 0.09
-0.74, 0.49, -8.75, -1.96, -0.24, 0.11
-0.77, 1.94, -8.44, -2.07, -0.13, 0.13
-0.72, 3.63, -8.08, -2.02, -0.03, 0.13
-0.53, 5.28, -7.89, -1.86, -0.02, 0.13
-0.35, 6.86, -7.91, -1.59, -0.04, 0.11
-0.71, 8.31, -9.13, -1.23, -0.01, 0.10
-0.42, 8.83, -9.32, -0.91, 0.09, 0.07
-0.21, 8.81, -8.69, -0.63, 0.08, 0.03
-0.36, 9.06, -8.56, -0.32, -0.08, -0.03
-0.62, 9.38, -8.92, 0.01, -0.10, -0.08
-0.78, 9.41, -9.07, 0.36, 0.07, -0.11
-0.85, 9.04, -8.71, 0.71, 0.19, -0.13
-0.58, 8.14, -8.89, 0.97, 0.19, -0.14
-0.43, 7.00, -9.07, 1.15, 0.18, -0.15
-0.40, 6.31, -8.92, 1.29, 0.18, -0.16
-0.36, 5.83, -8.72, 1.39, 0.17, -0.15
-0.22, 5.22, -8.60, 1.50, 0.19, -0.14
-0.03, 4.47, -8.89, 1.55, 0.20, -0.12
-0.06, 3.39, -8.88, 1.54, 0.17, -0.11
-0.05, 2.23, -9.13, 1.45, 0.12, -0.09
-0.04, 1.17, -9.29, 1.29, 0.09, -0.07
-0.03, 0.45, -9.30, 1.10, 0.08, -0.05
-0.20, -0.03, -9.36, 0.87, 0.03, -0.04
-0.11, -0.29, -9.45, 0.65, -0.02, -0.03
-0.13, -0.44, -9.49, 0.45, -0.01, -0.01
-0.05, -0.63, -9.55, 0.24, 0.01, 0.01
-0.02, -0.85, -9.60, 0.03, -0.04, 0.02
0.05, -1.09, -9.57, -0.22, -0.08, 0.04
0.18, -1.16, -9.65, -0.46, -0.11, 0.07
0.05, -0.96, -9.35, -0.70, -0.16, 0.08
-0.06, -0.52, -9.47, -0.92, -0.21, 0.08
-0.03, -0.38, -9.35, -1.13, -0.17, 0.10
0.06, -0.35, -9.23, -1.36, -0.15, 0.12
-0.13, -0.10, -9.22, -1.62, -0.21, 0.11
-0.23, 0.97, -8.92, -1.83, -0.28, 0.10
-0.42, 2.16, -8.49, -1.91, -0.25, 0.10
-0.49, 3.40, -8.32, -1.89, -0.15, 0.10
-0.52, 4.47, -8.43, -1.84, -0.13, 0.10
-0.58, 5.62, -8.37, -1.74, -0.16, 0.09
-0.64, 7.02, -8.28, -1.54, -0.16, 0.06
-0.76, 8.72, -8.33, -1.20, -0.08, 0.04
-0.65, 10.14, -8.73, -0.78, 0.00, 0.02
-0.59, 10.44, -8.98, -0.32, 0.04, -0.01
-0.48, 9.41, -8.83, 0.05, 0.04, -0.04
-0.45, 8.11, -8.87, 0.29, 0.05, -0.06
-0.50, 7.21, -9.05, 0.42, 0.05, -0.05
-0.56, 6.81, -8.94, 0.50, 0.03, -0.04
-0.51, 6.45, -8.79, 0.58, 0.02, -0.04
-0.65, 6.24, -8.76, 0.66, 0.01, -0.02
-0.66, 5.99, -8.67, 0.76, 0.05, -0.01
-0.74, 5.60, -8.62, 0.85, 0.08, 0.01
-0.61, 5.15, -8.59, 0.92, 0.09, 0.02
-0.70, 4.61, -8.61, 0.95, 0.07, 0.03
-0.71, 4.03, -8.83, 0.96, 0.08, 0.03
-0.65, 3.57, -8.87, 0.94, 0.11, 0.03
-0.57, 3.06, -9.03, 0.88, 0.11, 0.03
-0.52, 2.62, -9.15, 0.79, 0.08, 0.02
-0.45, 2.18, -9.27, 0.67, 0.03, 0.02
-0.53, 1.81, -9.28, 0.54, 0.02, 0.01
-0.52, 1.50, -9.44, 0.41, 0.04, 0.01
-0.48, 1.21, -9.36, 0.26, 0.03, 0.01
-0.31, 0.99, -9.45, 0.11, 0.02, 0.01
-0.34, 0.68, -9.43, -0.06, 0.00, 0.02
-0.22, 0.53, -9.50, -0.24, -0.01, 0.02
-0.11, 0.54, -9.40, -0.43, -0.05, 0.02
-0.06, 0.68, -9.38, -0.60, -0.08, 0.05
-0.06, 0.65, -9.27, -0.78, -0.08, 0.07
0.01, 0.53, -9.00, -1.01, -0.09, 0.10
-0.01, 0.72, -8.78, -1.26, -0.14, 0.10
0.06, 1.45, -8.78, -1.45, -0.19, 0.11
-0.04, 2.40, -8.54, -1.57, -0.21, 0.11
-0.21, 3.65, -8.30, -1.60, -0.25, 0.13
-0.58, 5.24, -8.23, -1.50, -0.28, 0.13
-0.74, 6.96, -8.19, -1.28, -0.19, 0.15
-0.81, 8.27, -8.32, -0.97, -0.03, 0.15
-0.65, 8.86, -8.45, -0.65, 0.07, 0.13
-0.50, 9.11, -8.58, -0.36, 0.07, 0.07
-0.45, 9.72, -8.72, -0.04, 0.04, -0.01
-0.34, 9.73, -9.00, 0.30, 0.08, -0.07
-0.26, 9.18, -8.84, 0.57, 0.12, -0.10
-0.45, 8.99, -8.96, 0.77, 0.02, -0.11
-0.50, 8.57, -8.90, 0.98, -0.01, -0.10
-0.55, 7.76, -8.62, 1.17, 0.08, -0.09
-0.64, 6.85, -8.60, 1.30, 0.10, -0.09
-0.62, 5.88, -8.64, 1.37, 0.03, -0.10
-0.80, 5.13, -8.65, 1.42, 0.04, -0.10
-0.63, 3.96, -8.65, 1.42, 0.13, -0.11
-0.56, 2.72, -8.71, 1.35, 0.15, -0.10
-0.61, 1.52, -8.80, 1.17, 0.08, -0.08
-0.59, 0.91, -9.42, 0.97, 0.09, -0.03
-0.30, 0.48, -9.22, 0.76, 0.10, -0.02
-0.61, 0.15, -9.52, 0.53, -0.01, -0.06
-0.70, -0.03, -9.61, 0.32, -0.02, -0.09
-0.34, 0.15, -9.22, 0.18, 0.14, -0.06
0.08, 0.34, -9.21, 0.06, 0.17, -0.02
0.24, 0.14, -9.14, -0.10, 0.01, -0.01
0.30, -0.25, -9.18, -0.30, -0.10, -0.00
0.23, -0.65, -9.29, -0.53, -0.08, 0.01
0.09, -0.72, -9.36, -0.77, -0.08, 0.01
-0.10, -0.54, -9.17, -1.04, -0.17, 0.01
-0.07, 0.18, -9.16, -1.26, -0.17, 0.03
-0.10, 1.06, -8.96, -1.41, -0.11, 0.04
-0.08, 2.14, -8.62, -1.49, -0.11, 0.04
-0.17, 3.03, -8.42, -1.52, -0.15, 0.03
-0.19, 3.80, -8.63, -1.51, -0.16, 0.02
-0.32, 4.62, -8.46, -1.48, -0.16, 0.02
-0.41, 5.48, -8.15, -1.40, -0.15, 0.02
-0.72, 6.52, -8.33, -1.27, -0.11, 0.03
-0.86, 7.64, -8.42, -1.08, -0.05, 0.02
-0.94, 8.48, -8.62, -0.85, 0.01, 0.01
-1.03, 8.92, -8.78, -0.59, 0.09, -0.01
-0.89, 9.07, -8.60, -0.33, 0.15, -0.04
-0.95, 9.48, -8.73, -0.09, 0.16, -0.06
-0.74, 9.46, -8.80, 0.17, 0.20, -0.05
-0.61, 9.10, -8.71, 0.40, 0.21, -0.04
-0.44, 8.67, -8.56, 0.61, 0.16, -0.03
-0.57, 7.80, -8.61, 0.77, 0.11, -0.02
-0.57, 7.06, -8.57, 0.89, 0.12, -0.01
-0.62, 6.14, -8.48, 0.95, 0.14, 0.01
-0.45, 5.43, -8.33, 0.97, 0.16, 0.04
-0.34, 4.81, -8.30, 0.97, 0.13, 0.03
-0.34, 4.24, -8.42, 0.95, 0.09, 0.02
-0.24, 3.45, -8.62, 0.89, 0.07, 0.00
-0.08, 3.00, -8.74, 0.81, 0.09, 0.01
0.27, 2.47, -8.84, 0.71, 0.07, 0.01
0.37, 2.01, -8.84, 0.60, -0.02, 0.02
0.51, 1.38, -9.12, 0.46, -0.09, 0.05
0.44, 0.62, -9.27, 0.28, -0.13, 0.07
0.41, -0.17, -9.25, 0.03, -0.17, 0.08
0.21, -0.73, -9.12, -0.28, -0.25, 0.08
0.02, -1.10, -9.05, -0.64, -0.28, 0.09
-0.10, -0.98, -9.20, -1.02, -0.26, 0.09
-0.27, 0.26, -8.81, -1.34, -0.29, 0.07
-0.53, 1.92, -8.66, -1.49, -0.31, 0.04
-0.65, 3.59, -8.27, -1.49, -0.24, 0.01
-0.69, 5.37, -8.07, -1.35, -0.15, -0.02
-0.79, 6.65, -8.34, -1.13, -0.08, -0.04
-0.70, 7.20, -8.63, -0.88, -0.05, -0.06
-0.77, 7.22, -8.65, -0.64, -0.00, -0.08
-0.78, 7.26, -8.75, -0.43, 0.02, -0.08
-0.75, 7.36, -8.81, -0.24, 0.06, -0.08
-0.63, 7.28, -9.01, -0.10, 0.11, -0.06
-0.72, 7.22, -8.76, -0.00, 0.07, -0.05
-0.73, 7.50, -8.64, 0.09, 0.03, -0.03
-0.62, 8.26, -8.79, 0.25, 0.10, -0.01
-0.47, 8.65, -8.69, 0.48, 0.12, 0.00
-0.51, 8.09, -8.58, 0.68, 0.04, 0.01
-0.76, 6.96, -8.57, 0.80, 0.01, 0.01
-0.76, 6.19, -8.69, 0.88, 0.12, 0.01
-0.68, 5.46, -8.63, 0.90, 0.17, 0.02
-0.62, 4.70, -8.74, 0.86, 0.11, 0.00
-0.64, 3.87, -8.74, 0.78, 0.07, -0.01
-0.55, 3.26, -8.95, 0.68, 0.13, -0.02
-0.31, 2.73, -9.06, 0.57, 0.16, 0.00
-0.09, 2.07, -8.98, 0.43, 0.09, 0.01
0.04, 1.34, -9.19, 0.24, -0.01, 0.02
-0.10, 0.47, -9.23, 0.03, -0.03, 0.04
0.06, -0.06, -9.00, -0.24, -0.01, 0.06
0.23, -0.13, -8.72, -0.54, -0.06, 0.07
0.14, 0.91, -8.29, -0.81, -0.22, 0.06
-0.19, 2.33, -8.04, -0.94, -0.25, 0.05
-0.22, 3.53, -8.32, -0.95, -0.13, 0.05
-0.23, 4.65, -8.68, -0.91, -0.09, 0.03
-0.25, 5.27, -8.09, -0.83, -0.13, -0.00
-0.35, 5.66, -8.64, -0.76, -0.16, -0.02
-0.48, 6.40, -8.82, -0.65, -0.16, -0.03
-0.56, 7.18, -8.69, -0.49, -0.13, -0.01
-0.78, 7.95, -9.19, -0.34, -0.10, -0.01
-0.80, 9.01, -9.35, -0.11, -0.05, -0.02
-0.81, 10.18, -9.22, 0.23, 0.02, -0.03
-0.84, 10.20, -9.03, 0.61, 0.03, -0.04
-0.99, 8.59, -8.91, 0.92, 0.08, -0.07
-0.87, 7.52, -8.88, 1.11, 0.17, -0.07
-0.83, 6.77, -8.58, 1.22, 0.18, -0.10
-0.87, 6.05, -8.71, 1.31, 0.16, -0.13
-0.76, 5.22, -8.69, 1.40, 0.25, -0.16
-0.42, 4.24, -8.60, 1.43, 0.34, -0.16
-0.16, 3.18, -8.64, 1.39, 0.28, -0.17
-0.02, 1.90, -8.77, 1.25, 0.12, -0.16
-0.14, 1.09, -8.95, 1.05, 0.06, -0.14
-0.18, 0.55, -9.05, 0.85, 0.09, -0.11
-0.14, 0.46, -9.01, 0.66, 0.09, -0.10
-0.17, 0.42, -9.29, 0.50, 0.04, -0.08
-0.06, 0.27, -9.38, 0.34, 0.02, -0.05
0.03, -0.04, -9.39, 0.16, 0.03, -0.01
0.05, -0.51, -9.43, -0.06, -0.02, 0.02
0.08, -0.61, -9.37, -0.30, -0.10, 0.05
0.00, -0.14, -9.32, -0.51, -0.17, 0.07
-0.08, 0.56, -9.26, -0.67, -0.15, 0.09
-0.20, 1.13, -9.21, -0.77, -0.14, 0.09
-0.24, 1.58, -9.22, -0.86, -0.15, 0.08
-0.27, 1.84, -9.21, -0.93, -0.13, 0.07
-0.15, 1.96, -9.22, -1.02, -0.09, 0.06
-0.04, 1.81, -9.17, -1.13, -0.13, 0.05
-0.20, 2.09, -8.89, -1.28, -0.22, 0.04
-0.42, 3.09, -8.66, -1.37, -0.22, 0.02
-0.42, 4.20, -8.69, -1.36, -0.12, 0.03
-0.46, 5.37, -8.61, -1.28, -0.07, 0.03
-0.47, 6.48, -8.42, -1.14, -0.12, 0.01
-0.57, 7.64, -8.35, -0.93, -0.16, 0.00
-0.70, 8.86, -8.45, -0.64, -0.12, -0.00
-0.84, 9.79, -8.78, -0.26, -0.02, -0.01
-0.85, 9.73, -9.00, 0.12, 0.08, -0.01
-0.60, 8.38, -9.01, 0.37, 0.11, 0.00
-0.73, 7.14, -9.15, 0.49, 0.03, 0.01
-0.73, 6.67, -9.11, 0.55, -0.01, 0.01
-0.70, 6.47, -8.97, 0.62, 0.05, 0.02
-0.64, 6.21, -8.75, 0.70, 0.08, 0.03
-0.60, 5.57, -8.73, 0.76, 0.04, 0.04
-0.66, 4.87, -8.72, 0.77, 0.02, 0.04
-0.75, 4.33, -8.66, 0.76, 0.02, 0.03
-0.77, 3.81, -8.72, 0.72, 0.06, 0.02
-0.68, 3.46, -8.75, 0.68, 0.10, 0.00
-0.50, 3.19, -8.89, 0.62, 0.08, -0.00
-0.46, 2.91, -8.98, 0.56, 0.03, -0.02
-0.45, 2.50, -9.06, 0.48, 0.00, -0.02
-0.35, 2.14, -9.28, 0.39, 0.02, -0.01
-0.39, 1.78, -9.29, 0.28, 0.01, -0.01
-0.24, 1.51, -9.31, 0.14, -0.03, -0.02
-0.28, 1.28, -9.41, -0.00, -0.06, -0.02
-0.28, 1.26, -9.37, -0.15, -0.06, -0.01
-0.30, 1.33, -9.32, -0.29, -0.07, -0.01
-0.34, 1.56, -9.15, -0.41, -0.07, -0.01
-0.39, 1.79, -9.13, -0.51, -0.04, -0.01
-0.44, 1.86, -9.24, -0.60, 0.02, -0.00
-0.25, 1.76, -9.23, -0.71, 0.05, 0.00
-0.13, 1.61, -9.14, -0.86, 0.02, 0.01
-0.04, 1.96, -9.14, -1.02, -0.04, 0.01
-0.07, 2.81, -8.84, -1.10, -0.05, 0.01
-0.12, 3.62, -8.78, -1.12, -0.02, 0.02
-0.17, 4.26, -8.56, -1.11, -0.03, 0.02
-0.29, 4.86, -8.57, -1.07, -0.04, 0.01
-0.39, 5.58, -8.47, -0.98, -0.01, 0.01
-0.42, 6.47, -8.44, -0.85, 0.01, 0.00
-0.39, 7.19, -8.48, -0.68, 0.00, 0.00
-0.56, 7.63, -8.54, -0.49, -0.01, -0.01
-0.50, 7.74, -8.52, -0.29, 0.01, -0.02
-0.65, 7.70, -8.66, -0.12, 0.01, -0.02
-0.60, 7.67, -8.75, 0.02, 0.01, -0.02
-0.61, 7.56, -8.66, 0.14, -0.01, -0.02
-0.67, 7.52, -8.70, 0.26, -0.03, -0.03
-0.82, 7.35, -8.66, 0.37, -0.02, -0.02
-0.74, 7.08, -8.67, 0.47, 0.01, -0.02
-0.82, 6.70, -8.47, 0.55, 0.01, -0.03
-0.82, 6.49, -8.44, 0.63, -0.00, -0.04
-0.91, 6.08, -8.60, 0.69, 0.05, -0.05
-0.69, 5.73, -8.56, 0.74, 0.11, -0.06
-0.55, 5.41, -8.48, 0.78, 0.09, -0.07
-0.46, 5.06, -8.61, 0.79, 0.02, -0.09
-0.47, 4.60, -8.70, 0.79, 0.03, -0.10
-0.36, 4.23, -8.81, 0.78, 0.09, -0.10
-0.18, 3.90, -8.96, 0.76, 0.09, -0.12
-0.12, 3.52, -9.04, 0.73, 0.03, -0.12
-0.07, 3.00, -9.16, 0.67, 0.01, -0.11
-0.01, 2.42, -9.18, 0.60, 0.02, -0.10
0.00, 1.87, -9.33, 0.49, 0.01, -0.07
0.10, 1.36, -9.23, 0.36, -0.01, -0.04
0.16, 0.67, -9.29, 0.18, -0.03, -0.00
0.19, 0.15, -9.22, -0.05, -0.08, 0.02
-0.05, 0.08, -9.27, -0.30, -0.14, 0.04
-0.17, 0.43, -9.30, -0.51, -0.14, 0.06
-0.38, 1.09, -9.14, -0.68, -0.11, 0.06
-0.54, 1.68, -9.11, -0.80, -0.08, 0.05
-0.50, 2.46, -8.96, -0.85, -0.04, 0.06
-0.73, 3.27, -8.82, -0.86, -0.05, 0.05
-0.71, 3.90, -8.83, -0.85, -0.05, 0.03
-0.61, 4.39, -8.92, -0.79, 0.01, 0.02
-0.52, 4.98, -8.94, -0.73, 0.02, 0.00
-0.70, 5.24, -8.91, -0.67, -0.05, -0.02
-0.78, 5.49, -8.92, -0.60, -0.04, -0.03
-0.66, 5.65, -8.97, -0.53, 0.04, -0.03
-0.49, 5.92, -8.83, -0.46, 0.04, -0.03
-0.59, 6.42, -8.78, -0.37, -0.11, -0.06
-0.65, 6.91, -8.85, -0.22, -0.15, -0.06
-0.78, 7.14, -8.81, -0.05, -0.05, -0.05
-0.83, 7.37, -8.63, 0.14, -0.01, -0.06
-0.81, 7.64, -8.64, 0.32, -0.07, -0.08
-0.87, 7.48, -8.63, 0.51, -0.06, -0.08
-0.79, 7.26, -8.63, 0.68, -0.01, -0.08
-0.91, 7.33, -8.70, 0.85, 0.01, -0.09
-0.80, 7.16, -8.70, 1.03, 0.02, -0.11
-0.88, 6.29, -8.67, 1.18, 0.07, -0.12
-0.97, 5.26, -8.96, 1.25, 0.12, -0.14
-0.79, 4.30, -8.86, 1.27, 0.17, -0.14
-0.66, 3.29, -9.01, 1.22, 0.23, -0.12
-0.31, 1.98, -9.13, 1.09, 0.28, -0.09
0.04, 0.89, -9.25, 0.89, 0.27, -0.04
0.33, 0.20, -9.42, 0.65, 0.19, 0.01
0.56, -0.30, -9.40, 0.39, 0.09, 0.06
0.51, -0.96, -9.37, 0.12, 0.04, 0.12
0.35, -1.59, -9.34, -0.22, -0.01, 0.17
0.27, -1.89, -9.41, -0.60, -0.05, 0.21
0.26, -1.40, -9.37, -0.95, -0.07, 0.23
0.18, -0.85, -9.12, -1.24, -0.09, 0.25
-0.00, -0.38, -8.85, -1.53, -0.13, 0.25
-0.21, 0.95, -8.60, -1.75, -0.18, 0.21
-0.40, 2.65, -8.48, -1.81, -0.16, 0.16
-0.38, 4.46, -8.20, -1.74, -0.10, 0.12
-0.40, 5.81, -8.10, -1.59, -0.12, 0.06
-0.68, 7.20, -8.05, -1.37, -0.19, -0.01
-0.95, 8.39, -8.31, -1.06, -0.17, -0.08
-1.13, 9.21, -8.61, -0.71, -0.04, -0.13
-0.91, 9.52, -8.74, -0.36, 0.05, -0.15
-0.90, 9.27, -8.88, -0.05, 0.01, -0.15
-0.92, 8.67, -8.74, 0.19, -0.05, -0.14
-1.09, 8.38, -8.69, 0.39, -0.05, -0.12
-1.08, 8.35, -8.68, 0.60, 0.02, -0.10
-1.04, 8.11, -8.53, 0.82, 0.07, -0.10
-0.98, 7.43, -8.55, 0.99, 0.09, -0.10
-0.77, 6.86, -8.35, 1.13, 0.13, -0.10
-0.74, 6.03, -8.34, 1.23, 0.14, -0.10
-0.71, 5.35, -8.47, 1.29, 0.13, -0.11
-0.57, 4.45, -8.49, 1.30, 0.17, -0.12
-0.48, 3.71, -8.76, 1.27, 0.21, -0.13
-0.23, 2.90, -8.89, 1.20, 0.20, -0.13
-0.12, 2.11, -9.02, 1.09, 0.16, -0.13
0.02, 1.26, -9.13, 0.92, 0.17, -0.12
0.23, 0.46, -9.34, 0.72, 0.17, -0.10
0.31, -0.19, -9.51, 0.46, 0.11, -0.08
0.48, -0.62, -9.52, 0.20, 0.04, -0.04
0.59, -0.97, -9.44, -0.09, -0.01, -0.00
0.58, -1.21, -9.47, -0.40, -0.09, 0.03
0.38, -1.10, -9.34, -0.70, -0.18, 0.07
0.39, -0.78, -9.31, -0.98, -0.20, 0.11
0.02, -0.39, -9.03, -1.24, -0.21, 0.14
-0.19, 0.84, -8.65, -1.43, -0.25, 0.13
-0.45, 1.98, -8.48, -1.52, -0.24, 0.10
-0.43, 2.90, -8.40, -1.54, -0.14, 0.08
-0.23, 3.65, -8.39, -1.53, -0.11, 0.06
-0.37, 4.30, -8.34, -1.50, -0.22, 0.02
-0.61, 5.26, -8.29, -1.42, -0.29, -0.01
-0.98, 6.41, -8.51, -1.24, -0.19, -0.03
-0.91, 6.92, -8.54, -1.04, -0.09, -0.03
-1.04, 6.90, -8.59, -0.89, -0.08, -0.04
-1.08, 6.93, -8.68, -0.78, -0.11, -0.05
-1.07, 7.63, -8.38, -0.66, -0.09, -0.04
-1.04, 8.38, -8.32, -0.49, -0.05, -0.05
-0.92, 9.47, -8.18, -0.27, -0.04, -0.06
-1.07, 10.36, -8.45, 0.02, -0.06, -0.07
-1.19, 10.74, -8.43, 0.35, -0.07, -0.07
-1.27, 10.36, -8.38, 0.70, 0.01, -0.05
-1.21, 9.64, -8.23, 1.00, 0.13, -0.02
-1.04, 8.65, -8.26, 1.23, 0.18, -0.00
-1.02, 7.58, -8.25, 1.37, 0.14, -0.01
-1.09, 6.91, -8.22, 1.45, 0.07, -0.04
-1.23, 6.47, -8.17, 1.54, 0.13, -0.06
-1.13, 5.86, -7.97, 1.66, 0.29, -0.07
-0.94, 4.84, -8.27, 1.73, 0.37, -0.06
-0.64, 3.60, -8.42, 1.72, 0.35, -0.04
-0.24, 2.22, -8.36, 1.64, 0.37, -0.01
0.15, 0.68, -8.66, 1.44, 0.38, 0.03
0.51, -0.89, -8.91, 1.14, 0.31, 0.07
0.73, -1.84, -9.23, 0.75, 0.16, 0.09
0.82, -2.30, -9.43, 0.36, 0.07, 0.11
0.95, -2.15, -9.79, -0.02, 0.05, 0.14
0.87, -1.88, -9.70, -0.35, -0.04, 0.17
0.85, -1.48, -9.52, -0.65, -0.16, 0.16
0.51, -0.94, -9.28, -0.89, -0.23, 0.13
0.20, -0.78, -9.19, -1.09, -0.21, 0.10
0.11, -0.85, -9.19, -1.34, -0.15, 0.08
-0.06, -0.58, -8.88, -1.65, -0.22, 0.03
-0.36, 1.03, -8.38, -1.91, -0.36, -0.06
-0.74, 2.89, -7.74, -1.97, -0.31, -0.14
-0.74, 4.50, -7.78, -1.93, -0.16, -0.20
-0.73, 6.06, -7.83, -1.83, -0.14, -0.22
-0.90, 7.91, -7.71, -1.63, -0.27, -0.27
-1.07, 10.32, -7.94, -1.27, -0.32, -0.31
-1.46, 12.36, -8.61, -0.71, -0.23, -0.31
-1.73, 13.19, -9.07, -0.08, -0.10, -0.27
-1.85, 11.20, -9.06, 0.44, 0.10, -0.16
-1.52, 8.73, -8.95, 0.66, 0.19, -0.08
-1.46, 7.77, -9.01, 0.76, 0.11, -0.04
-1.26, 6.91, -8.94, 0.81, 0.06, -0.02
-1.16, 6.21, -8.66, 0.87, 0.16, 0.00
-0.89, 5.83, -8.49, 0.92, 0.23, 0.02
-0.79, 5.34, -8.27, 0.95, 0.19, 0.01
-0.62, 4.63, -8.21, 0.96, 0.16, -0.01
-0.54, 3.92, -8.41, 0.93, 0.22, -0.02
-0.21, 3.12, -8.49, 0.87, 0.25, -0.02
-0.12, 2.66, -8.56, 0.76, 0.20, -0.04
0.11, 2.23, -8.71, 0.64, 0.14, -0.05
0.21, 1.88, -9.00, 0.51, 0.13, -0.05
0.39, 1.40, -9.14, 0.36, 0.10, -0.05
0.57, 0.98, -9.12, 0.17, 0.03, -0.02
0.55, 0.52, -9.37, -0.05, -0.07, 0.02
0.58, 0.22, -9.41, -0.29, -0.15, 0.06
0.25, 0.54, -9.61, -0.50, -0.22, 0.10
0.23, 0.74, -9.64, -0.69, -0.25, 0.15
-0.06, 0.25, -9.39, -0.92, -0.26, 0.19
-0.45, -0.08, -8.54, -1.27, -0.32, 0.19
-0.85, 1.41, -8.23, -1.55, -0.33, 0.16
-0.57, 3.17, -7.92, -1.62, -0.12, 0.16
-0.17, 4.01, -7.94, -1.66, -0.07, 0.20
-0.47, 4.64, -7.37, -1.74, -0.42, 0.23
-1.48, 5.63, -7.30, -1.75, -0.60, 0.25
-2.05, 7.07, -7.65, -1.64, -0.25, 0.25
-1.77, 8.67, -7.95, -1.36, 0.20, 0.19
-1.08, 9.96, -7.99, -1.01, 0.24, 0.09
-0.47, 10.42, -8.22, -0.67, -0.03, 0.02
-0.45, 9.74, -8.22, -0.36, -0.15, 0.01
-0.95, 8.74, -8.22, -0.17, -0.18, 0.01
-1.31, 8.36, -8.43, -0.08, -0.18, -0.00
-1.72, 9.12, -8.55, 0.05, -0.16, -0.04
-1.72, 10.17, -7.97, 0.36, -0.02, -0.09
-1.52, 10.30, -7.72, 0.73, 0.18, -0.15
-0.91, 8.81, -7.62, 1.05, 0.33, -0.17
-0.97, 7.87, -7.66, 1.18, 0.12, -0.22
-1.02, 7.18, -7.75, 1.32, 0.05, -0.23
-0.91, 6.05, -7.96, 1.43, 0.34, -0.15
-0.75, 5.03, -7.92, 1.46, 0.44, -0.08
-0.67, 4.42, -8.20, 1.39, 0.26, -0.06
-0.40, 3.89, -8.46, 1.36, 0.31, -0.02
-0.20, 3.11, -8.65, 1.31, 0.45, 0.03
0.11, 2.16, -8.66, 1.17, 0.37, 0.04
0.15, 0.90, -8.75, 0.94, 0.23, 0.04
0.36, 0.05, -8.95, 0.64, 0.26, 0.05
0.55, -0.62, -9.08, 0.33, 0.29, 0.06
0.74, -0.85, -9.18, -0.00, 0.16, 0.07
0.70, -0.98, -9.14, -0.36, 0.01, 0.10
0.56, -0.77, -9.05, -0.73, -0.03, 0.16
0.52, -0.17, -9.08, -1.04, -0.03, 0.20
0.48, 0.77, -8.73, -1.28, -0.09, 0.21
0.23, 1.50, -8.52, -1.51, -0.14, 0.18
0.27, 2.55, -8.23, -1.71, -0.13, 0.15
0.20, 4.90, -7.91, -1.75, -0.21, 0.11
-0.09, 7.18, -7.65, -1.58, -0.34, 0.07
-0.68, 9.21, -7.86, -1.24, -0.30, 0.04
-0.82, 9.89, -8.26, -0.83, -0.05, 0.03
-0.68, 8.99, -8.49, -0.55, 0.11, -0.00
-0.67, 9.21, -8.51, -0.35, -0.04, -0.07
-0.64, 9.45, -8.57, -0.11, -0.15, -0.12
-0.71, 9.05, -8.74, 0.13, -0.00, -0.11
-0.59, 8.97, -8.47, 0.35, 0.08, -0.10
-0.83, 8.98, -8.37, 0.54, -0.06, -0.10
-0.96, 8.73, -8.44, 0.75, -0.08, -0.10
-0.82, 8.21, -8.35, 0.94, 0.13, -0.07
-0.46, 7.54, -8.16, 1.11, 0.23, -0.04
-0.27, 6.58, -8.16, 1.20, 0.13, -0.05
-0.27, 5.58, -8.34, 1.22, 0.07, -0.05
-0.32, 4.61, -8.50, 1.17, 0.14, -0.04
0.03, 4.22, -8.31, 1.13, 0.23, -0.05
0.28, 3.86, -8.10, 1.14, 0.20, -0.06
0.45, 2.70, -8.61, 1.09, 0.11, -0.07
0.57, 1.34, -9.00, 0.91, 0.11, -0.06
0.70, 0.26, -8.96, 0.64, 0.07, -0.04
0.58, -0.18, -8.97, 0.33, -0.08, -0.04
0.47, -0.14, -9.13, 0.05, -0.14, -0.02
0.53, 0.09, -9.01, -0.18, -0.07, -0.01
0.56, -0.08, -8.75, -0.42, -0.12, 0.00
0.45, -0.22, -8.64, -0.68, -0.26, 0.03
0.30, 0.14, -8.64, -0.94, -0.33, 0.07
-0.11, 0.98, -8.41, -1.15, -0.31, 0.10
-0.43, 1.74, -8.19, -1.31, -0.28, 0.12
-0.67, 2.92, -8.36, -1.43, -0.23, 0.12
-0.85, 4.37, -8.36, -1.47, -0.20, 0.13
-0.98, 5.59, -8.23, -1.42, -0.17, 0.13
-0.95, 6.65, -8.31, -1.31, -0.12, 0.13
-0.92, 7.61, -8.43, -1.16, -0.05, 0.11
-0.84, 8.50, -8.45, -0.98, -0.03, 0.07
-0.83, 8.93, -8.61, -0.78, -0.06, 0.03
-0.86, 9.53, -8.78, -0.57, -0.08, -0.01
-0.96, 10.06, -8.96, -0.31, -0.05, -0.04
-0.99, 10.20, -8.93, -0.02, 0.01, -0.06
