-0.64, 8.56, -5.97, 1.27, 0.33, -0.30
-0.63, 8.28, -6.01, 1.34, 0.38, -0.33
-0.54, 7.98, -6.20, 1.39, 0.37, -0.36
-0.59, 7.78, -6.42, 1.43, 0.33, -0.38
-0.70, 7.57, -6.44, 1.49, 0.35, -0.39
-0.74, 7.10, -6.57, 1.54, 0.43, -0.40
-0.39, 6.67, -6.77, 1.57, 0.45, -0.40
-0.48, 6.21, -6.92, 1.56, 0.37, -0.41
-0.63, 5.91, -7.25, 1.54, 0.28, -0.42
-0.92, 5.60, -7.40, 1.52, 0.32, -0.40
-0.92, 5.23, -7.56, 1.50, 0.39, -0.36
-0.97, 4.86, -7.64, 1.47, 0.43, -0.34
-0.84, 4.57, -7.92, 1.41, 0.41, -0.32
-0.86, 4.43, -7.98, 1.37, 0.38, -0.30
-0.76, 4.29, -8.09, 1.32, 0.41, -0.27
-0.61, 4.26, -8.39, 1.30, 0.45, -0.23
-0.44, 4.08, -8.45, 1.29, 0.42, -0.21
-0.36, 3.85, -8.56, 1.26, 0.33, -0.18
-0.37, 3.60, -8.60, 1.23, 0.26, -0.16
-0.57, 3.55, -8.84, 1.23, 0.26, -0.13
-0.57, 3.43, -8.92, 1.23, 0.30, -0.10
-0.39, 3.26, -8.97, 1.23, 0.31, -0.08
-0.33, 3.00, -9.03, 1.22, 0.28, -0.07
-0.41, 2.57, -9.11, 1.18, 0.22, -0.07
-0.46, 2.47, -9.29, 1.16, 0.22, -0.06
-0.54, 2.27, -9.13, 1.15, 0.29, -0.05
-0.55, 1.97, -9.38, 1.13, 0.34, -0.05
-0.44, 1.32, -9.36, 1.05, 0.39, -0.05
-0.34, 0.90, -9.55, 0.94, 0.44, -0.05
-0.24, 0.70, -9.44, 0.83, 0.48, -0.05
0.07, 0.81, -9.43, 0.73, 0.53, -0.04
0.24, 1.12, -9.62, 0.67, 0.52, -0.03
0.42, 1.40, -9.58, 0.66, 0.48, -0.04
0.55, 1.55, -9.55, 0.68, 0.47, -0.02
0.74, 1.48, -9.66, 0.71, 0.47, -0.00
0.83, 1.19, -9.75, 0.72, 0.47, 0.02
1.02, 0.99, -9.71, 0.72, 0.46, 0.03
1.20, 0.79, -9.81, 0.73, 0.45, 0.04
1.65, 0.52, -9.70, 0.72, 0.41, 0.04
1.47, 0.25, -9.77, 0.71, 0.26, 0.01
1.23, 0.05, -9.97, 0.67, 0.15, 0.00
1.02, -0.30, -9.84, 0.63, 0.09, -0.02
1.05, -0.39, -9.95, 0.59, 0.13, -0.03
1.10, -0.46, -10.05, 0.52, 0.19, -0.08
1.26, -0.74, -9.95, 0.48, 0.10, -0.09
0.98, -0.97, -9.80, 0.38, -0.03, -0.13
0.96, -0.96, -10.01, 0.30, -0.05, -0.15
0.88, -0.99, -9.94, 0.24, 0.03, -0.15
1.05, -0.83, -9.95, 0.15, 0.10, -0.13
1.18, -0.95, -9.88, 0.12, 0.04, -0.11
1.15, -0.92, -9.84, 0.04, -0.08, -0.11
0.88, -0.97, -10.01, -0.01, -0.17, -0.10
0.71, -0.95, -10.05, -0.10, -0.13, -0.10
0.75, -0.79, -9.93, -0.13, -0.04, -0.07
0.84, -0.74, -9.96, -0.17, 0.01, -0.05
1.04, -0.70, -9.93, -0.22, -0.03, -0.03
1.04, -0.75, -9.94, -0.27, -0.07, -0.02
1.11, -0.83, -9.90, -0.33, -0.08, -0.00
1.03, -0.95, -10.00, -0.41, -0.08, 0.01
1.05, -1.04, -9.86, -0.49, -0.09, 0.01
0.90, -1.13, -10.02, -0.60, -0.10, 0.02
0.88, -1.32, -10.09, -0.72, -0.08, 0.01
0.77, -1.19, -9.86, -0.85, -0.05, -0.00
0.67, -1.05, -9.67, -0.97, -0.04, -0.02
0.62, -0.72, -9.94, -1.07, -0.04, -0.01
0.47, -0.57, -9.79, -1.15, 0.01, 0.02
0.40, -0.22, -9.76, -1.21, 0.11, 0.09
0.75, -0.08, -9.64, -1.27, 0.25, 0.17
1.19, 0.02, -9.41, -1.36, 0.31, 0.24
1.40, 0.23, -9.32, -1.48, 0.12, 0.28
1.48, 0.44, -9.02, -1.61, -0.09, 0.30
1.43, 0.82, -8.92, -1.70, -0.13, 0.31
1.58, 1.22, -8.83, -1.79, -0.03, 0.28
1.33, 1.31, -8.68, -1.80, -0.08, 0.31
1.49, 1.85, -8.41, -1.87, -0.19, 0.29
1.49, 2.06, -8.50, -1.95, -0.26, 0.28
1.26, 2.53, -8.26, -2.03, -0.29, 0.25
1.08, 3.03, -8.37, -2.09, -0.36, 0.23
0.96, 3.53, -8.04, -2.13, -0.40, 0.20
0.68, 3.90, -7.83, -2.12, -0.35, 0.18
0.62, 4.31, -7.57, -2.12, -0.29, 0.16
0.68, 4.86, -7.50, -2.14, -0.29, 0.14
0.73, 5.57, -7.37, -2.14, -0.31, 0.11
0.73, 6.25, -7.22, -2.09, -0.31, 0.09
0.83, 6.60, -6.97, -1.99, -0.31, 0.07
0.72, 6.83, -6.73, -1.89, -0.34, 0.04
0.58, 6.91, -6.64, -1.82, -0.35, 0.01
0.60, 7.13, -6.65, -1.79, -0.32, -0.03
0.69, 7.26, -6.32, -1.76, -0.29, -0.07
0.80, 7.56, -6.23, -1.73, -0.33, -0.10
0.58, 7.66, -5.72, -1.68, -0.43, -0.15
0.28, 7.79, -5.81, -1.65, -0.47, -0.17
-0.24, 7.78, -5.60, -1.65, -0.44, -0.18
-0.42, 8.18, -5.27, -1.68, -0.26, -0.19
-0.51, 8.81, -5.28, -1.69, -0.14, -0.19
-0.61, 9.77, -4.89, -1.65, -0.14, -0.20
-0.55, 10.60, -4.75, -1.54, -0.15, -0.20
-0.61, 11.20, -4.65, -1.36, -0.02, -0.18
-0.42, 11.32, -4.50, -1.14, 0.11, -0.15
-0.17, 11.45, -4.34, -0.95, 0.11, -0.14
-0.00, 11.48, -4.20, -0.80, 0.01, -0.11
-0.17, 11.41, -4.25, -0.66, -0.06, -0.08
-0.38, 11.43, -4.21, -0.52, -0.02, -0.04
-0.39, 11.46, -4.13, -0.37, 0.06, -0.01
-0.35, 11.43, -4.12, -0.24, 0.06, -0.01
-0.42, 11.34, -4.08, -0.10, 0.02, -0.01
-0.41, 10.99, -4.14, 0.03, 0.03, -0.00
-0.35, 10.69, -4.09, 0.14, 0.07, 0.00
-0.33, 10.34, -4.16, 0.21, 0.04, -0.00
-0.48, 10.12, -4.10, 0.26, -0.01, -0.01
-0.42, 10.01, -4.39, 0.32, 0.02, -0.02
-0.40, 9.83, -4.39, 0.37, 0.07, -0.01
-0.30, 9.65, -4.53, 0.41, 0.05, -0.01
-0.24, 9.52, -4.60, 0.44, 0.02, -0.02
-0.20, 9.60, -4.79, 0.46, 0.01, -0.02
-0.19, 9.76, -4.87, 0.52, 0.02, -0.02
-0.19, 9.84, -4.92, 0.59, 0.05, -0.01
-0.09, 9.72, -5.10, 0.67, 0.09, 0.00
0.18, 9.60, -5.11, 0.73, 0.10, 0.01
0.26, 9.58, -5.26, 0.79, 0.06, 0.02
0.31, 9.48, -5.36, 0.86, 0.01, 0.03
0.33, 9.39, -5.53, 0.93, 0.01, 0.05
0.32, 9.17, -5.51, 1.00, 0.02, 0.06
0.32, 8.88, -5.73, 1.05, 0.02, 0.08
0.44, 8.70, -5.78, 1.10, 0.02, 0.08
0.52, 8.46, -5.88, 1.15, 0.01, 0.09
0.54, 8.20, -5.98, 1.19, -0.04, 0.09
0.53, 7.91, -6.08, 1.21, -0.08, 0.10
0.53, 7.61, -6.15, 1.22, -0.07, 0.11
0.68, 7.12, -6.30, 1.21, -0.05, 0.11
0.70, 6.96, -6.35, 1.18, -0.13, 0.11
0.52, 7.00, -6.66, 1.15, -0.30, 0.09
-0.15, 7.07, -6.83, 1.17, -0.37, 0.08
-0.34, 6.94, -7.07, 1.22, -0.20, 0.10
-0.29, 6.56, -7.16, 1.28, -0.02, 0.11
-0.27, 6.22, -7.22, 1.29, -0.05, 0.09
-0.29, 5.77, -7.41, 1.26, -0.16, 0.06
-0.28, 5.72, -7.51, 1.24, -0.12, 0.05
-0.20, 5.64, -7.69, 1.24, 0.01, 0.05
-0.11, 5.44, -7.86, 1.24, 0.01, 0.04
0.00, 5.05, -7.87, 1.23, -0.12, 0.01
-0.31, 4.86, -8.06, 1.21, -0.18, -0.01
-0.50, 4.58, -8.22, 1.18, -0.10, -0.01
-0.44, 4.47, -8.36, 1.14, -0.01, -0.02
-0.24, 4.44, -8.49, 1.13, 0.02, -0.04
-0.06, 4.37, -8.54, 1.11, -0.01, -0.05
-0.01, 4.08, -8.62, 1.10, -0.04, -0.07
-0.06, 3.87, -8.77, 1.09, -0.04, -0.07
-0.10, 3.60, -8.72, 1.05, -0.03, -0.08
-0.06, 3.59, -8.84, 1.02, 0.00, -0.09
-0.05, 3.55, -9.00, 1.00, 0.03, -0.09
0.01, 3.35, -9.03, 1.01, 0.06, -0.10
0.18, 3.08, -9.08, 1.01, 0.05, -0.10
0.15, 2.64, -9.08, 0.96, -0.00, -0.11
0.04, 2.40, -9.26, 0.90, -0.01, -0.10
0.06, 2.34, -9.42, 0.84, -0.02, -0.11
-0.03, 2.53, -9.55, 0.80, -0.01, -0.11
-0.06, 2.35, -9.40, 0.78, 0.03, -0.11
0.11, 2.21, -9.50, 0.76, 0.09, -0.10
0.11, 1.92, -9.40, 0.72, 0.06, -0.11
-0.02, 1.79, -9.49, 0.66, -0.00, -0.12
-0.19, 2.07, -9.63, 0.63, -0.02, -0.13
-0.29, 2.30, -9.71, 0.66, 0.07, -0.13
-0.22, 2.30, -9.78, 0.70, 0.14, -0.13
-0.46, 2.09, -9.67, 0.72, 0.16, -0.15
-0.52, 1.90, -9.75, 0.74, 0.17, -0.17
-0.51, 1.85, -9.73, 0.76, 0.22, -0.18
-0.49, 1.70, -9.68, 0.79, 0.28, -0.18
-0.40, 1.51, -9.71, 0.80, 0.33, -0.20
-0.31, 1.36, -9.68, 0.80, 0.35, -0.22
-0.19, 1.19, -9.82, 0.79, 0.37, -0.24
0.12, 0.91, -9.73, 0.79, 0.41, -0.26
0.22, 0.86, -9.76, 0.78, 0.40, -0.26
0.40, 0.54, -9.81, 0.74, 0.36, -0.27
0.58, 0.24, -9.82, 0.71, 0.35, -0.28
0.66, -0.07, -9.81, 0.66, 0.34, -0.27
0.90, -0.29, -9.81, 0.57, 0.30, -0.28
0.99, -0.66, -9.95, 0.48, 0.21, -0.29
1.03, -0.73, -9.87, 0.39, 0.10, -0.30
0.91, -0.81, -9.96, 0.31, 0.07, -0.30
1.21, -0.14, -9.64, 0.26, 0.08, -0.24
1.03, -0.58, -9.85, 0.06, 0.14, -0.29
1.24, -0.84, -10.00, 0.12, 0.07, -0.23
1.14, -0.80, -9.88, -0.05, 0.04, -0.25
1.36, -0.65, -10.03, -0.06, 0.03, -0.20
1.29, -0.58, -9.98, -0.15, 0.06, -0.19
1.37, -0.59, -10.01, -0.17, 0.02, -0.15
1.34, -0.57, -9.94, -0.25, -0.03, -0.13
1.25, -0.62, -9.96, -0.29, -0.08, -0.10
1.19, -0.54, -10.09, -0.36, -0.06, -0.07
1.19, -0.57, -9.97, -0.41, -0.03, -0.04
1.19, -0.52, -9.93, -0.47, -0.02, -0.02
1.25, -0.38, -9.84, -0.52, -0.06, 0.01
1.11, -0.35, -9.93, -0.57, -0.12, 0.03
1.06, -0.32, -9.94, -0.62, -0.14, 0.04
0.89, -0.25, -9.83, -0.69, -0.13, 0.06
1.02, -0.23, -9.78, -0.75, -0.12, 0.07
0.97, -0.19, -9.78, -0.82, -0.15, 0.09
0.96, -0.14, -9.82, -0.90, -0.21, 0.11
0.92, 0.06, -9.66, -0.98, -0.26, 0.12
0.83, 0.23, -9.66, -1.05, -0.30, 0.14
0.62, 0.35, -9.59, -1.11, -0.32, 0.15
0.41, 0.57, -9.61, -1.17, -0.34, 0.17
0.40, 0.86, -9.53, -1.23, -0.34, 0.19
0.47, 1.05, -9.30, -1.27, -0.32, 0.20
0.26, 1.28, -9.45, -1.32, -0.28, 0.23
0.28, 1.36, -9.08, -1.37, -0.31, 0.22
0.31, 1.62, -9.11, -1.46, -0.33, 0.22
0.21, 1.94, -8.95, -1.53, -0.34, 0.22
0.10, 2.23, -8.96, -1.60, -0.35, 0.22
0.10, 2.38, -8.76, -1.66, -0.33, 0.20
0.13, 2.85, -8.63, -1.73, -0.30, 0.22
0.41, 3.40, -8.51, -1.77, -0.32, 0.22
0.55, 4.23, -8.46, -1.77, -0.38, 0.21
0.43, 4.66, -8.32, -1.75, -0.44, 0.21
0.41, 4.97, -8.17, -1.69, -0.47, 0.21
0.21, 5.12, -8.02, -1.63, -0.45, 0.21
0.16, 5.21, -7.77, -1.62, -0.44, 0.20
-0.01, 5.59, -7.87, -1.61, -0.46, 0.19
-0.15, 6.14, -7.86, -1.58, -0.46, 0.18
-0.27, 6.64, -7.59, -1.49, -0.43, 0.17
-0.40, 6.80, -7.49, -1.39, -0.39, 0.17
-0.40, 6.59, -7.33, -1.31, -0.34, 0.16
-0.39, 6.36, -7.07, -1.28, -0.29, 0.14
-0.49, 6.23, -7.02, -1.32, -0.25, 0.13
-0.40, 6.61, -6.92, -1.36, -0.23, 0.10
-0.40, 7.11, -6.73, -1.36, -0.22, 0.07
-0.34, 7.41, -6.47, -1.33, -0.28, 0.04
-0.69, 7.58, -6.27, -1.28, -0.32, 0.01
-0.79, 7.91, -6.33, -1.24, -0.30, 0.00
-1.11, 8.42, -6.32, -1.19, -0.25, 0.00
-1.28, 9.08, -6.21, -1.12, -0.25, 0.02
-1.49, 9.60, -6.09, -0.99, -0.23, 0.07
-1.50, 9.67, -5.93, -0.82, -0.13, 0.14
-1.51, 9.16, -5.70, -0.68, -0.03, 0.20
-1.37, 8.49, -5.71, -0.66, -0.01, 0.22
-1.25, 8.26, -5.52, -0.69, -0.02, 0.21
-1.20, 8.54, -5.58, -0.70, -0.01, 0.18
-1.01, 9.02, -5.41, -0.67, -0.00, 0.16
-0.92, 9.18, -5.33, -0.61, 0.00, 0.13
-0.84, 9.10, -5.22, -0.56, 0.02, 0.10
-0.85, 9.10, -5.23, -0.53, 0.03, 0.05
-0.84, 9.44, -5.25, -0.50, 0.01, 0.02
-0.89, 9.80, -5.23, -0.44, 0.02, 0.00
-0.69, 10.25, -5.20, -0.34, 0.08, -0.00
-0.72, 10.54, -5.22, -0.22, 0.13, 0.00
-0.61, 10.52, -5.11, -0.09, 0.14, -0.01
-0.42, 10.52, -5.15, 0.02, 0.16, -0.01
-0.34, 10.56, -5.21, 0.14, 0.17, -0.00
-0.28, 10.45, -5.10, 0.26, 0.19, 0.01
-0.19, 10.07, -5.13, 0.35, 0.22, 0.02
-0.06, 9.72, -5.09, 0.42, 0.24, 0.03
0.06, 9.46, -5.18, 0.47, 0.21, 0.02
0.08, 9.40, -5.24, 0.52, 0.15, 0.01
0.02, 9.27, -5.39, 0.59, 0.15, 0.02
0.03, 9.15, -5.44, 0.65, 0.18, 0.02
-0.07, 8.89, -5.62, 0.70, 0.18, 0.01
0.03, 8.69, -5.74, 0.73, 0.16, -0.00
0.05, 8.51, -5.77, 0.77, 0.14, -0.01
0.02, 8.52, -5.94, 0.81, 0.13, -0.02
0.04, 8.31, -6.03, 0.85, 0.12, -0.03
-0.02, 8.04, -6.11, 0.88, 0.11, -0.04
0.09, 7.89, -6.39, 0.90, 0.08, -0.05
-0.09, 7.88, -6.50, 0.93, 0.03, -0.07
-0.18, 7.89, -6.54, 0.97, 0.01, -0.08
-0.26, 7.67, -6.66, 1.02, 0.04, -0.08
-0.26, 7.36, -6.79, 1.05, 0.08, -0.08
-0.21, 7.25, -6.85, 1.08, 0.07, -0.09
-0.32, 7.17, -7.05, 1.10, 0.05, -0.11
-0.27, 7.07, -7.01, 1.14, 0.07, -0.12
-0.26, 6.85, -7.18, 1.18, 0.10, -0.14
-0.25, 6.69, -7.27, 1.21, 0.08, -0.16
-0.33, 6.58, -7.34, 1.22, 0.08, -0.18
-0.21, 6.43, -7.54, 1.25, 0.11, -0.20
-0.24, 6.34, -7.60, 1.29, 0.13, -0.23
-0.26, 6.21, -7.65, 1.33, 0.16, -0.25
-0.30, 6.04, -7.83, 1.37, 0.17, -0.27
-0.28, 5.75, -7.92, 1.41, 0.18, -0.29
-0.26, 5.47, -7.88, 1.45, 0.22, -0.30
-0.14, 5.26, -8.13, 1.47, 0.28, -0.31
0.01, 4.96, -8.18, 1.49, 0.29, -0.32
0.16, 4.65, -8.29, 1.51, 0.26, -0.33
0.15, 4.22, -8.42, 1.52, 0.25, -0.32
0.17, 3.90, -8.57, 1.52, 0.25, -0.31
0.00, 3.45, -8.66, 1.51, 0.27, -0.30
-0.01, 3.19, -8.86, 1.49, 0.28, -0.30
-0.01, 2.66, -8.98, 1.45, 0.32, -0.28
0.16, 2.31, -9.04, 1.40, 0.35, -0.25
0.19, 1.91, -9.08, 1.34, 0.32, -0.24
0.29, 1.82, -9.26, 1.28, 0.30, -0.22
0.17, 1.59, -9.29, 1.23, 0.30, -0.20
0.16, 1.51, -9.45, 1.21, 0.31, -0.18
0.03, 1.26, -9.40, 1.18, 0.33, -0.15
0.17, 1.12, -9.60, 1.16, 0.36, -0.13
0.18, 0.97, -9.56, 1.15, 0.38, -0.10
0.38, 0.79, -9.47, 1.12, 0.34, -0.09
0.31, 0.74, -9.55, 1.10, 0.30, -0.08
0.24, 0.67, -9.60, 1.10, 0.31, -0.07
0.53, 0.35, -9.62, 1.07, 0.38, -0.06
0.82, -0.04, -9.67, 1.05, 0.42, -0.05
1.08, -0.37, -9.56, 0.98, 0.34, -0.05
0.53, -0.33, -9.74, 0.92, 0.28, -0.04
1.39, -0.95, -9.77, 0.80, 0.12, -0.06
1.43, -1.03, -9.71, 0.74, 0.04, -0.05
1.39, -1.21, -9.83, 0.63, 0.03, -0.06
1.39, -1.34, -9.85, 0.57, -0.02, -0.04
1.24, -1.54, -9.81, 0.44, -0.06, -0.05
1.32, -1.64, -9.92, 0.38, -0.08, -0.04
1.15, -1.75, -9.94, 0.26, -0.06, -0.05
1.21, -1.87, -9.94, 0.16, -0.05, -0.04
1.29, -1.73, -9.99, 0.06, -0.07, -0.04
1.25, -1.65, -9.99, -0.02, -0.10, -0.03
1.23, -1.67, -10.02, -0.10, -0.10, -0.03
1.24, -1.61, -10.00, -0.16, -0.08, -0.01
1.23, -1.54, -9.94, -0.23, -0.08, -0.01
1.32, -1.43, -9.93, -0.30, -0.09, 0.01
1.30, -1.35, -9.90, -0.35, -0.13, 0.01
1.09, -1.19, -9.89, -0.41, -0.18, 0.03
1.08, -1.13, -9.96, -0.45, -0.19, 0.04
0.90, -1.07, -9.96, -0.49, -0.18, 0.06
0.86, -0.93, -9.81, -0.54, -0.19, 0.07
0.74, -0.83, -9.90, -0.57, -0.22, 0.08
0.64, -0.77, -9.83, -0.62, -0.25, 0.09
0.54, -0.69, -9.94, -0.66, -0.26, 0.10
0.51, -0.67, -9.81, -0.71, -0.24, 0.11
0.62, -0.67, -9.86, -0.78, -0.23, 0.12
0.60, -0.69, -9.83, -0.85, -0.30, 0.13
0.46, -0.61, -9.80, -0.94, -0.38, 0.14
0.24, -0.47, -9.73, -1.05, -0.40, 0.15
0.18, -0.41, -9.74, -1.09, -0.37, 0.17
0.15, -0.07, -9.51, -1.21, -0.34, 0.18
0.12, 0.09, -9.50, -1.27, -0.37, 0.21
0.11, 0.34, -9.29, -1.36, -0.41, 0.22
0.12, 0.51, -9.38, -1.43, -0.42, 0.23
-0.01, 0.70, -9.30, -1.48, -0.42, 0.27
-0.07, 0.84, -9.11, -1.56, -0.39, 0.28
0.14, 1.13, -9.07, -1.63, -0.36, 0.31
0.05, 1.09, -8.96, -1.71, -0.38, 0.32
-0.38, 1.03, -8.97, -1.83, -0.49, 0.34
-1.18, 1.15, -8.83, -1.94, -0.54, 0.38
-1.53, 1.40, -8.71, -2.07, -0.27, 0.49
-1.68, 1.75, -7.95, -2.20, 0.04, 0.69
-1.18, 2.78, -7.60, -2.39, 0.24, 0.94
-0.33, 4.44, -7.44, -2.41, 0.32, 1.23
0.32, 6.04, -7.55, -2.28, 0.32, 1.36
0.78, 7.41, -7.59, -2.10, 0.25, 1.32
0.82, 7.93, -7.50, -1.86, 0.18, 1.14
0.85, 7.51, -7.20, -1.63, 0.18, 0.88
1.00, 6.81, -6.91, -1.50, 0.22, 0.62
1.29, 6.63, -6.83, -1.49, 0.15, 0.48
1.25, 6.55, -6.70, -1.53, 0.05, 0.43
1.31, 6.62, -6.54, -1.54, 0.08, 0.42
1.47, 6.66, -6.28, -1.55, 0.11, 0.37
1.37, 6.99, -6.01, -1.58, -0.01, 0.28
1.22, 7.35, -5.92, -1.61, -0.15, 0.18
0.96, 7.78, -6.05, -1.60, -0.15, 0.10
0.90, 8.03, -5.94, -1.57, -0.04, 0.01
0.83, 8.18, -5.71, -1.53, 0.01, -0.07
0.93, 8.32, -5.54, -1.49, -0.04, -0.16
1.01, 8.44, -5.40, -1.46, -0.13, -0.23
0.92, 8.75, -5.37, -1.43, -0.21, -0.28
0.61, 9.31, -5.33, -1.39, -0.27, -0.30
0.46, 10.06, -5.44, -1.30, -0.23, -0.30
0.36, 10.58, -5.37, -1.15, -0.14, -0.29
0.31, 10.82, -5.03, -0.98, -0.14, -0.30
0.15, 10.86, -4.99, -0.82, -0.21, -0.33
0.03, 10.68, -4.94, -0.68, -0.21, -0.31
0.09, 10.54, -4.86, -0.57, -0.08, -0.24
0.24, 10.55, -4.73, -0.47, 0.01, -0.18
0.25, 10.46, -4.54, -0.40, -0.07, -0.16
0.16, 10.37, -4.47, -0.33, -0.18, -0.17
0.05, 10.32, -4.47, -0.26, -0.14, -0.17
-0.11, 10.32, -4.48, -0.18, 0.01, -0.14
0.03, 10.22, -4.47, -0.11, 0.09, -0.11
0.18, 10.17, -4.35, -0.07, 0.03, -0.10
0.22, 10.14, -4.35, -0.03, -0.03, -0.10
0.14, 10.25, -4.28, 0.02, -0.03, -0.10
0.09, 10.28, -4.17, 0.10, 0.05, -0.09
0.21, 10.39, -4.30, 0.19, 0.10, -0.09
0.22, 10.27, -4.31, 0.27, 0.07, -0.09
0.09, 10.11, -4.52, 0.33, -0.02, -0.10
-0.01, 10.03, -4.58, 0.39, -0.03, -0.10
-0.13, 10.06, -4.64, 0.46, 0.06, -0.08
-0.07, 9.98, -4.79, 0.55, 0.15, -0.07
0.14, 9.81, -4.85, 0.62, 0.14, -0.07
0.11, 9.56, -4.76, 0.68, 0.06, -0.08
0.06, 9.30, -5.06, 0.73, 0.01, -0.08
-0.12, 9.14, -5.15, 0.77, 0.03, -0.08
-0.19, 8.97, -5.39, 0.81, 0.06, -0.08
-0.15, 8.89, -5.42, 0.86, 0.09, -0.08
-0.25, 8.74, -5.53, 0.89, 0.08, -0.08
-0.16, 8.57, -5.58, 0.92, 0.07, -0.08
-0.16, 8.36, -5.63, 0.95, 0.07, -0.08
-0.18, 8.31, -5.82, 0.97, 0.07, -0.08
-0.21, 8.24, -6.00, 1.00, 0.07, -0.08
-0.13, 8.14, -6.05, 1.03, 0.06, -0.09
-0.24, 7.87, -6.08, 1.06, 0.08, -0.09
-0.06, 7.73, -6.31, 1.09, 0.12, -0.10
-0.11, 7.69, -6.59, 1.11, 0.13, -0.10
0.08, 7.70, -6.57, 1.15, 0.15, -0.11
0.25, 7.61, -6.69, 1.21, 0.18, -0.12
0.52, 7.28, -6.80, 1.27, 0.22, -0.13
0.62, 7.02, -6.95, 1.30, 0.14, -0.15
0.50, 7.00, -7.19, 1.32, -0.03, -0.17
0.14, 7.02, -7.24, 1.35, -0.11, -0.17
-0.00, 6.79, -7.49, 1.41, 0.03, -0.14
0.04, 6.51, -7.41, 1.46, 0.21, -0.11
0.07, 6.02, -7.57, 1.47, 0.20, -0.11
0.06, 5.73, -7.59, 1.46, 0.10, -0.12
0.08, 5.37, -7.76, 1.45, 0.11, -0.11
0.08, 5.17, -7.98, 1.46, 0.24, -0.09
0.26, 4.87, -8.08, 1.44, 0.31, -0.08
0.34, 4.58, -8.07, 1.42, 0.25, -0.09
0.41, 4.35, -8.25, 1.40, 0.18, -0.10
0.40, 4.22, -8.40, 1.40, 0.18, -0.10
0.37, 4.08, -8.49, 1.39, 0.19, -0.11
0.34, 3.92, -8.69, 1.39, 0.18, -0.12
0.39, 3.69, -8.69, 1.41, 0.18, -0.13
0.31, 3.48, -8.86, 1.43, 0.17, -0.14
0.41, 2.95, -8.78, 1.42, 0.15, -0.16
0.29, 2.53, -9.07, 1.40, 0.13, -0.17
0.38, 2.33, -9.14, 1.38, 0.16, -0.19
0.47, 1.98, -9.31, 1.33, 0.17, -0.20
0.58, 1.81, -9.19, 1.29, 0.11, -0.22
0.69, 1.48, -9.21, 1.24, 0.03, -0.25
0.49, 1.41, -9.44, 1.20, -0.02, -0.25
0.26, 1.20, -9.54, 1.17, -0.03, -0.26
0.03, 1.02, -9.73, 1.13, -0.01, -0.26
-0.08, 0.78, -9.67, 1.08, 0.06, -0.26
-0.11, 0.57, -9.68, 1.04, 0.18, -0.25
0.20, 0.39, -9.55, 0.99, 0.31, -0.23
1.72, 0.60, -9.23, 0.95, 0.31, -0.21
1.11, 0.10, -9.54, 0.83, 0.27, -0.20
1.37, -0.01, -9.67, 0.82, 0.02, -0.18
1.15, -0.02, -9.84, 0.77, -0.06, -0.18
0.96, -0.07, -10.00, 0.72, 0.06, -0.20
1.02, -0.31, -9.80, 0.70, 0.11, -0.19
0.99, -0.41, -9.69, 0.63, 0.02, -0.20
1.00, -0.36, -9.56, 0.61, -0.07, -0.19
0.93, -0.52, -9.73, 0.54, -0.00, -0.19
0.92, -0.51, -9.82, 0.57, 0.04, -0.15
0.74, -0.69, -9.94, 0.51, -0.01, -0.15
0.78, -0.81, -9.94, 0.49, -0.09, -0.13
0.73, -0.98, -9.96, 0.45, -0.02, -0.11
0.68, -1.27, -9.90, 0.40, 0.05, -0.10
0.74, -1.52, -9.95, 0.33, 0.05, -0.08
0.78, -1.75, -9.98, 0.25, -0.00, -0.08
0.73, -1.86, -9.95, 0.16, -0.05, -0.08
0.64, -1.81, -9.91, 0.08, -0.05, -0.08
0.46, -1.71, -9.98, 0.02, -0.04, -0.08
0.51, -1.80, -9.95, -0.05, -0.04, -0.07
0.41, -1.78, -9.94, -0.12, -0.04, -0.07
0.42, -1.86, -9.93, -0.20, -0.05, -0.08
0.45, -1.77, -9.90, -0.27, -0.07, -0.09
0.35, -1.69, -9.89, -0.34, -0.06, -0.09
0.44, -1.71, -9.86, -0.39, -0.03, -0.10
0.46, -1.52, -9.83, -0.46, -0.03, -0.09
0.59, -1.45, -9.87, -0.51, -0.08, -0.09
0.51, -1.37, -9.86, -0.58, -0.13, -0.08
0.51, -1.41, -9.74, -0.65, -0.15, -0.09
0.42, -1.24, -9.81, -0.72, -0.14, -0.09
0.49, -1.08, -9.84, -0.78, -0.11, -0.08
0.56, -1.03, -9.89, -0.84, -0.11, -0.08
0.61, -1.01, -9.80, -0.91, -0.15, -0.07
0.52, -0.96, -9.74, -1.00, -0.18, -0.08
0.51, -0.81, -9.68, -1.08, -0.15, -0.08
0.51, -0.59, -9.66, -1.15, -0.09, -0.09
0.61, -0.49, -9.62, -1.20, -0.07, -0.09
0.68, -0.46, -9.51, -1.30, -0.08, -0.10
0.68, -0.28, -9.50, -1.39, -0.12, -0.09
0.80, -0.35, -9.30, -1.51, -0.15, -0.09
0.70, 0.02, -9.32, -1.63, -0.20, -0.09
0.57, 0.21, -9.15, -1.77, -0.20, -0.09
0.57, 0.46, -8.85, -1.89, -0.15, -0.09
0.62, 0.94, -8.79, -2.02, -0.12, -0.09
0.78, 1.52, -8.57, -2.11, -0.17, -0.09
0.65, 2.09, -8.36, -2.19, -0.23, -0.08
0.73, 2.54, -8.19, -2.21, -0.29, -0.05
0.43, 3.09, -7.95, -2.24, -0.35, -0.04
0.46, 3.56, -7.77, -2.26, -0.39, -0.03
0.12, 4.02, -7.69, -2.28, -0.41, -0.01
0.10, 4.53, -7.64, -2.28, -0.40, 0.02
0.11, 4.83, -7.25, -2.26, -0.42, 0.05
0.06, 4.94, -7.17, -2.25, -0.44, 0.09
0.06, 4.93, -6.76, -2.25, -0.49, 0.14
0.03, 4.83, -6.51, -2.29, -0.54, 0.18
-0.17, 4.95, -6.07, -2.38, -0.59, 0.22
-0.42, 5.21, -5.75, -2.51, -0.66, 0.26
-0.73, 5.76, -5.40, -2.64, -0.69, 0.28
-0.89, 7.01, -5.32, -2.67, -0.60, 0.31
-0.97, 8.22, -4.92, -2.62, -0.48, 0.32
-0.93, 9.59, -4.78, -2.48, -0.42, 0.31
-0.96, 10.50, -4.64, -2.30, -0.41, 0.29
-0.86, 11.09, -4.40, -2.10, -0.41, 0.25
-0.93, 11.50, -4.22, -1.88, -0.36, 0.20
-0.99, 11.88, -4.05, -1.66, -0.33, 0.14
-1.04, 12.07, -3.76, -1.44, -0.27, 0.09
-0.97, 11.94, -3.62, -1.24, -0.18, 0.05
-1.01, 11.82, -3.41, -1.08, -0.17, 0.00
-1.03, 11.73, -3.36, -0.96, -0.18, -0.03
-1.13, 11.79, -3.22, -0.82, -0.13, -0.05
-1.04, 11.83, -3.10, -0.67, -0.04, -0.04
-0.94, 11.81, -3.09, -0.54, 0.01, -0.04
-0.80, 11.66, -2.99, -0.42, 0.00, -0.05
-0.84, 11.52, -2.92, -0.30, 0.00, -0.05
-0.90, 11.49, -2.92, -0.19, 0.04, -0.06
-0.80, 11.52, -2.94, -0.08, 0.09, -0.06
-0.81, 11.40, -2.99, 0.03, 0.10, -0.06
-0.78, 11.22, -3.03, 0.13, 0.10, -0.05
-0.86, 11.03, -3.17, 0.22, 0.11, -0.04
-0.74, 11.01, -3.17, 0.31, 0.12, -0.04
-0.86, 10.96, -3.32, 0.40, 0.10, -0.04
-0.80, 10.93, -3.57, 0.49, 0.10, -0.04
-0.89, 10.82, -3.63, 0.59, 0.11, -0.04
-0.78, 10.59, -3.73, 0.68, 0.12, -0.03
-0.77, 10.49, -3.89, 0.77, 0.13, -0.01
-0.79, 10.52, -4.19, 0.87, 0.11, -0.02
-0.93, 10.45, -4.21, 0.96, 0.10, -0.03
-0.92, 10.23, -4.30, 1.07, 0.14, -0.04
-0.98, 9.89, -4.50, 1.16, 0.18, -0.06
-0.82, 9.35, -4.51, 1.21, 0.19, -0.07
-0.83, 9.22, -4.69, 1.24, 0.18, -0.06
-0.73, 9.30, -4.80, 1.28, 0.18, -0.06
-0.52, 9.48, -4.98, 1.37, 0.20, -0.05
-0.44, 9.19, -5.18, 1.46, 0.22, -0.05
-0.50, 9.00, -5.36, 1.53, 0.20, -0.05
-0.39, 8.91, -5.57, 1.60, 0.19, -0.06
-0.34, 8.75, -5.66, 1.69, 0.24, -0.07
-0.23, 8.56, -5.79, 1.78, 0.24, -0.07
-0.28, 8.24, -5.79, 1.86, 0.17, -0.09
-0.38, 7.96, -6.04, 1.95, 0.16, -0.10
-0.53, 7.47, -6.24, 2.02, 0.25, -0.10
-0.47, 6.76, -6.36, 2.05, 0.32, -0.09
-0.53, 6.27, -6.52, 2.05, 0.30, -0.11
-0.38, 5.85, -6.79, 2.04, 0.30, -0.13
-0.41, 5.70, -7.05, 2.04, 0.34, -0.13
-0.29, 5.33, -7.21, 2.04, 0.37, -0.13
-0.28, 4.81, -7.50, 2.02, 0.37, -0.14
-0.10, 4.31, -7.67, 1.98, 0.37, -0.13
-0.11, 3.73, -7.77, 1.93, 0.38, -0.13
-0.01, 3.35, -8.01, 1.85, 0.35, -0.13
-0.05, 3.06, -8.27, 1.78, 0.32, -0.13
-0.02, 2.96, -8.49, 1.73, 0.31, -0.12
-0.13, 2.71, -8.60, 1.69, 0.33, -0.10
0.11, 2.38, -8.65, 1.64, 0.35, -0.08
0.10, 2.17, -8.73, 1.59, 0.31, -0.07
0.06, 2.04, -8.92, 1.57, 0.27, -0.05
0.02, 1.96, -9.08, 1.54, 0.28, -0.01
0.14, 1.74, -9.14, 1.52, 0.29, 0.02
0.09, 1.48, -9.28, 1.49, 0.29, 0.03
0.13, 1.06, -9.23, 1.46, 0.26, 0.04
0.08, 0.94, -9.45, 1.44, 0.28, 0.05
0.16, 0.66, -9.40, 1.41, 0.33, 0.05
0.42, 0.47, -9.35, 1.39, 0.39, 0.06
0.64, 0.10, -9.44, 1.33, 0.37, 0.06
0.92, -0.22, -9.40, 1.27, 0.32, 0.05
1.01, -0.40, -9.46, 1.19, 0.27, 0.03
0.74, -0.54, -9.64, 1.23, 0.23, 0.05
1.14, -0.73, -9.55, 1.06, 0.28, 0.00
1.34, -0.72, -9.65, 1.13, 0.28, 0.03
1.46, -1.12, -9.57, 1.04, 0.26, 0.01
1.62, -1.28, -9.74, 1.00, 0.22, 0.01
1.64, -1.41, -9.79, 0.96, 0.13, -0.00
1.49, -1.89, -9.65, 0.88, 0.05, -0.02
1.43, -2.22, -9.62, 0.76, 0.12, -0.04
1.63, -2.58, -9.69, 0.68, 0.19, -0.04
1.76, -2.70, -9.73, 0.54, 0.13, -0.06
1.22, -3.04, -9.65, 0.49, -0.02, -0.05
1.73, -2.71, -9.84, 0.35, -0.12, -0.07
1.25, -2.70, -9.76, 0.33, -0.09, -0.05
1.12, -2.68, -9.79, 0.22, -0.04, -0.06
1.01, -2.77, -9.76, 0.17, -0.06, -0.04
1.05, -2.79, -9.84, 0.06, -0.08, -0.04
0.89, -2.80, -9.82, 0.00, -0.10, -0.04
0.93, -2.71, -9.78, -0.06, -0.05, -0.03
0.98, -2.71, -9.76, -0.12, -0.02, -0.03
1.07, -2.66, -9.73, -0.18, -0.06, -0.03
0.97, -2.61, -9.71, -0.24, -0.17, -0.02
0.81, -2.60, -9.80, -0.31, -0.22, -0.02
0.74, -2.54, -9.71, -0.37, -0.16, -0.02
0.79, -2.40, -9.72, -0.42, -0.09, -0.02
0.87, -2.29, -9.68, -0.48, -0.10, -0.01
0.88, -2.29, -9.60, -0.55, -0.19, -0.01
0.89, -2.24, -9.66, -0.62, -0.23, -0.01
0.79, -2.07, -9.75, -0.67, -0.20, -0.01
0.74, -2.02, -9.68, -0.73, -0.17, -0.01
0.77, -1.81, -9.70, -0.80, -0.18, -0.00
0.87, -1.67, -9.69, -0.86, -0.20, 0.00
0.89, -1.47, -9.70, -0.92, -0.21, 0.01
0.80, -1.26, -9.62, -0.96, -0.22, 0.02
0.67, -1.07, -9.72, -1.00, -0.23, 0.02
0.65, -0.85, -9.71, -1.03, -0.22, 0.03
0.66, -0.72, -9.68, -1.07, -0.18, 0.04
0.66, -0.58, -9.65, -1.11, -0.14, 0.05
0.82, -0.53, -9.90, -1.18, -0.13, 0.04
0.77, -0.31, -9.56, -1.17, -0.19, 0.07
0.60, -0.09, -9.51, -1.26, -0.17, 0.07
0.56, 0.16, -9.57, -1.28, -0.17, 0.09
0.57, 0.39, -9.42, -1.35, -0.18, 0.09
0.39, 0.59, -9.50, -1.40, -0.20, 0.10
0.51, 0.95, -9.31, -1.42, -0.22, 0.12
0.25, 1.16, -9.21, -1.46, -0.20, 0.11
0.29, 1.42, -9.22, -1.50, -0.18, 0.12
0.34, 1.77, -9.02, -1.54, -0.16, 0.11
0.23, 2.23, -9.16, -1.56, -0.18, 0.10
0.14, 2.56, -9.06, -1.59, -0.23, 0.08
-0.11, 2.85, -9.13, -1.61, -0.24, 0.08
