0.15, 1.39, -9.44, 1.30, 0.25, -0.12
0.17, 1.15, -9.34, 1.35, 0.19, -0.13
-0.03, 0.83, -9.62, 1.39, 0.19, -0.12
0.00, 0.42, -9.48, 1.41, 0.20, -0.11
-0.03, -0.02, -9.43, 1.41, 0.19, -0.10
-0.11, -0.44, -9.56, 1.37, 0.18, -0.09
0.01, -0.75, -9.55, 1.38, 0.20, -0.01
-0.02, -1.11, -9.53, 1.30, 0.27, -0.06
0.82, -1.53, -9.89, 1.23, 0.31, -0.03
0.87, -1.86, -9.65, 1.14, 0.27, -0.04
1.24, -2.24, -9.77, 1.06, 0.10, -0.05
1.07, -2.69, -9.76, 0.93, -0.08, -0.08
0.79, -2.97, -9.80, 0.79, -0.13, -0.09
0.58, -3.08, -9.56, 0.64, -0.07, -0.12
0.51, -2.95, -9.79, 0.54, 0.01, -0.09
0.43, -2.85, -9.67, 0.44, 0.03, -0.09
0.59, -2.81, -9.78, 0.40, 0.02, -0.08
0.56, -2.87, -9.70, 0.34, 0.04, -0.09
0.19, -3.28, -10.09, 0.32, 0.09, -0.06
0.90, -2.93, -9.49, 0.22, 0.15, -0.09
0.79, -2.85, -9.63, 0.19, 0.12, -0.08
0.81, -2.82, -9.67, 0.14, 0.06, -0.08
0.51, -2.83, -9.33, 0.15, 0.06, -0.08
0.88, -3.12, -9.66, 0.05, 0.15, -0.07
1.22, -3.32, -9.42, 0.03, 0.14, -0.06
1.14, -3.49, -9.55, -0.09, 0.01, -0.05
0.95, -3.38, -9.57, -0.15, -0.14, -0.04
0.73, -3.43, -9.59, -0.23, -0.14, -0.05
0.64, -3.48, -9.64, -0.30, -0.03, -0.04
0.66, -3.51, -9.61, -0.39, 0.02, -0.03
0.76, -3.53, -9.64, -0.49, -0.04, -0.02
0.74, -3.49, -9.62, -0.60, -0.13, -0.01
0.63, -3.38, -9.60, -0.71, -0.17, -0.00
0.47, -3.11, -9.72, -0.80, -0.20, 0.01
0.21, -2.81, -9.69, -0.87, -0.21, 0.02
0.28, -2.60, -9.74, -0.92, -0.14, 0.03
0.36, -2.37, -9.57, -0.96, -0.07, 0.06
0.43, -2.04, -9.60, -1.00, -0.12, 0.08
0.50, -1.80, -9.62, -1.06, -0.22, 0.09
0.38, -1.50, -9.66, -1.10, -0.26, 0.11
0.13, -1.33, -9.59, -1.14, -0.21, 0.12
0.29, -1.01, -9.59, -1.15, -0.14, 0.13
0.33, -0.74, -9.45, -1.16, -0.10, 0.15
0.59, -0.58, -9.85, -1.18, -0.16, 0.16
0.43, -0.56, -9.42, -1.23, -0.23, 0.15
0.40, -0.09, -9.38, -1.24, -0.20, 0.16
0.35, -0.07, -9.59, -1.24, -0.20, 0.17
0.43, 0.25, -9.62, -1.28, -0.17, 0.17
0.37, 0.32, -9.64, -1.29, -0.18, 0.20
0.29, 0.33, -9.49, -1.35, -0.20, 0.19
0.27, 0.55, -9.33, -1.39, -0.16, 0.20
0.27, 0.85, -9.42, -1.41, -0.16, 0.22
0.23, 1.10, -9.51, -1.45, -0.15, 0.22
0.18, 1.39, -9.32, -1.48, -0.14, 0.22
0.13, 1.83, -9.12, -1.51, -0.13, 0.21
-0.03, 2.37, -9.08, -1.53, -0.15, 0.19
-0.19, 2.84, -9.03, -1.50, -0.13, 0.18
-0.27, 3.47, -9.01, -1.46, -0.09, 0.18
-0.32, 3.76, -8.92, -1.39, -0.03, 0.16
-0.16, 4.12, -8.80, -1.31, 0.02, 0.15
-0.06, 4.16, -8.88, -1.25, -0.02, 0.12
-0.09, 4.19, -8.92, -1.22, -0.12, 0.09
-0.38, 4.14, -8.77, -1.22, -0.16, 0.06
-0.48, 4.11, -8.78, -1.22, -0.11, 0.05
-0.43, 4.30, -8.76, -1.21, -0.02, 0.06
-0.36, 4.38, -8.53, -1.21, -0.02, 0.05
-0.31, 4.52, -8.41, -1.22, -0.07, 0.04
-0.42, 4.62, -8.34, -1.23, -0.08, 0.02
-0.33, 4.96, -8.11, -1.26, -0.06, 0.01
-0.38, 5.36, -8.23, -1.26, -0.02, -0.01
-0.25, 5.72, -8.11, -1.24, -0.00, -0.02
-0.20, 5.98, -8.06, -1.20, -0.01, -0.03
-0.08, 6.02, -7.80, -1.16, -0.02, -0.05
0.02, 6.11, -7.62, -1.16, -0.02, -0.06
0.04, 6.38, -7.60, -1.16, -0.04, -0.07
-0.01, 6.71, -7.66, -1.14, -0.04, -0.08
0.10, 7.06, -7.49, -1.09, -0.04, -0.09
0.03, 7.27, -7.40, -1.03, -0.08, -0.11
0.00, 7.86, -7.28, -0.95, -0.11, -0.11
-0.09, 8.61, -7.46, -0.85, -0.13, -0.12
-0.07, 9.22, -7.39, -0.72, -0.09, -0.13
-0.12, 9.56, -7.30, -0.53, -0.05, -0.14
-0.16, 9.55, -7.18, -0.33, -0.07, -0.17
-0.24, 9.12, -7.02, -0.15, -0.09, -0.19
-0.26, 8.42, -7.02, -0.03, -0.06, -0.18
-0.41, 7.91, -7.00, 0.04, -0.03, -0.16
-0.46, 7.67, -7.04, 0.07, -0.03, -0.14
-0.40, 7.51, -7.03, 0.08, -0.05, -0.11
-0.53, 7.46, -7.11, 0.08, -0.08, -0.09
-0.67, 7.47, -7.08, 0.09, -0.11, -0.06
-0.91, 7.60, -7.17, 0.12, -0.07, -0.03
-0.90, 7.76, -7.31, 0.16, -0.01, -0.00
-0.97, 7.77, -7.22, 0.22, 0.02, 0.02
-0.97, 7.82, -7.23, 0.28, 0.03, 0.03
-0.93, 7.82, -7.36, 0.34, 0.05, 0.03
-0.96, 7.86, -7.39, 0.41, 0.07, 0.03
-0.96, 7.81, -7.35, 0.48, 0.07, 0.03
-0.90, 7.83, -7.44, 0.56, 0.09, 0.03
-0.90, 7.64, -7.38, 0.64, 0.11, 0.02
-0.83, 7.58, -7.58, 0.73, 0.14, 0.03
-0.78, 7.36, -7.67, 0.81, 0.17, 0.01
-0.71, 7.14, -7.71, 0.88, 0.19, 0.01
-0.54, 6.94, -7.65, 0.94, 0.18, -0.00
-0.53, 6.85, -7.94, 1.01, 0.19, -0.02
-0.53, 6.71, -7.92, 1.08, 0.21, -0.03
-0.51, 6.46, -7.91, 1.15, 0.26, -0.03
-0.26, 6.09, -8.06, 1.19, 0.30, -0.04
-0.20, 5.77, -8.08, 1.23, 0.32, -0.05
-0.03, 5.45, -8.23, 1.26, 0.32, -0.07
0.12, 5.08, -8.25, 1.28, 0.31, -0.07
0.23, 4.73, -8.30, 1.28, 0.31, -0.08
0.38, 4.42, -8.40, 1.27, 0.30, -0.09
0.41, 4.26, -8.49, 1.26, 0.28, -0.09
0.41, 4.05, -8.53, 1.25, 0.24, -0.11
0.39, 4.00, -8.80, 1.25, 0.22, -0.11
0.41, 3.89, -8.97, 1.27, 0.24, -0.10
0.55, 3.63, -8.98, 1.30, 0.28, -0.08
0.54, 3.25, -9.00, 1.32, 0.27, -0.04
0.75, 2.94, -8.92, 1.31, 0.20, -0.02
0.66, 2.61, -9.07, 1.30, 0.15, -0.00
0.61, 2.43, -9.12, 1.29, 0.12, 0.00
0.46, 2.29, -9.20, 1.29, 0.11, 0.01
0.36, 2.19, -9.36, 1.31, 0.11, -0.00
0.34, 2.09, -9.34, 1.33, 0.13, -0.01
0.19, 1.98, -9.49, 1.37, 0.15, -0.01
0.28, 1.64, -9.49, 1.39, 0.16, -0.03
0.24, 1.38, -9.40, 1.42, 0.18, -0.02
0.35, 1.05, -9.40, 1.45, 0.19, -0.03
0.39, 0.76, -9.31, 1.45, 0.17, -0.03
0.42, 0.57, -9.41, 1.45, 0.14, -0.04
0.41, 0.10, -9.52, 1.43, 0.12, -0.06
0.52, -0.23, -9.36, 1.42, 0.14, -0.09
0.36, -0.66, -9.17, 1.40, 0.17, -0.10
0.91, -0.92, -9.44, 1.31, 0.19, -0.09
0.94, -1.19, -9.65, 1.23, 0.18, -0.13
0.97, -1.55, -9.80, 1.19, 0.06, -0.12
0.99, -1.94, -9.52, 1.11, 0.01, -0.17
1.06, -2.10, -9.78, 1.03, 0.09, -0.17
1.16, -2.41, -9.42, 0.98, 0.14, -0.17
1.24, -2.65, -9.56, 0.84, 0.08, -0.20
1.20, -2.75, -9.55, 0.75, -0.05, -0.18
1.14, -2.72, -9.57, 0.68, -0.04, -0.19
1.09, -3.04, -10.01, 0.64, 0.06, -0.16
0.96, -3.37, -9.76, 0.57, 0.09, -0.17
1.13, -3.27, -9.58, 0.49, 0.03, -0.17
1.31, -3.54, -9.59, 0.38, -0.04, -0.18
1.50, -3.74, -9.43, 0.30, -0.03, -0.16
1.23, -3.82, -9.60, 0.19, 0.06, -0.14
1.27, -4.02, -9.66, 0.12, -0.01, -0.10
1.25, -3.75, -9.51, -0.00, -0.06, -0.12
1.14, -3.79, -9.51, -0.06, -0.06, -0.09
1.22, -3.72, -9.71, -0.15, -0.02, -0.08
1.19, -3.73, -9.66, -0.21, -0.05, -0.05
1.13, -3.63, -9.57, -0.29, -0.14, -0.04
0.81, -3.60, -9.49, -0.37, -0.19, -0.04
0.71, -3.61, -9.53, -0.44, -0.11, -0.02
0.70, -3.46, -9.58, -0.51, -0.03, -0.00
0.78, -3.30, -9.50, -0.58, -0.06, 0.00
0.61, -3.17, -9.46, -0.65, -0.15, 0.02
0.62, -3.17, -9.58, -0.71, -0.13, 0.03
0.63, -3.02, -9.70, -0.79, -0.05, 0.05
0.63, -2.77, -9.69, -0.86, -0.07, 0.05
0.74, -2.46, -9.67, -0.92, -0.14, 0.06
0.70, -2.30, -9.73, -0.96, -0.13, 0.07
0.78, -2.13, -9.52, -1.00, -0.09, 0.08
0.72, -1.98, -9.46, -1.05, -0.08, 0.08
0.92, -1.80, -9.57, -1.12, -0.09, 0.09
0.91, -1.57, -9.31, -1.18, -0.11, 0.09
0.89, -1.25, -9.52, -1.22, -0.17, 0.10
1.05, -1.12, -9.52, -1.30, -0.18, 0.10
1.03, -0.96, -9.78, -1.34, -0.18, 0.12
1.10, -0.91, -9.39, -1.43, -0.19, 0.12
1.07, -0.54, -9.52, -1.52, -0.18, 0.14
1.11, -0.42, -9.37, -1.58, -0.26, 0.17
1.09, -0.05, -9.06, -1.70, -0.32, 0.18
1.16, 0.51, -9.11, -1.76, -0.37, 0.21
0.72, 0.92, -9.29, -1.79, -0.46, 0.27
0.25, 1.26, -9.16, -1.79, -0.52, 0.31
-0.02, 1.53, -9.11, -1.81, -0.40, 0.35
-0.09, 1.76, -8.88, -1.85, -0.21, 0.37
0.07, 2.12, -8.89, -1.89, -0.12, 0.37
0.36, 2.93, -9.33, -1.92, -0.20, 0.36
0.16, 3.17, -8.75, -1.93, -0.29, 0.33
0.07, 3.49, -8.65, -1.90, -0.27, 0.32
0.07, 3.79, -8.44, -1.85, -0.19, 0.32
0.05, 4.01, -8.23, -1.83, -0.17, 0.31
0.15, 4.25, -7.96, -1.84, -0.24, 0.28
-0.13, 4.91, -7.96, -1.86, -0.32, 0.25
-0.43, 5.68, -8.10, -1.81, -0.31, 0.23
-0.56, 6.33, -8.09, -1.70, -0.20, 0.21
-0.57, 6.66, -7.91, -1.55, -0.09, 0.19
-0.36, 6.67, -7.74, -1.41, -0.03, 0.16
-0.06, 6.44, -7.64, -1.30, -0.03, 0.14
-0.11, 6.31, -7.50, -1.27, -0.13, 0.10
-0.29, 6.66, -7.52, -1.28, -0.25, 0.06
-0.49, 6.97, -7.49, -1.24, -0.20, 0.03
-0.46, 7.35, -7.38, -1.15, -0.03, 0.02
-0.33, 7.52, -7.37, -1.05, 0.08, 0.01
-0.03, 7.55, -7.05, -0.99, 0.08, -0.01
0.37, 7.61, -6.94, -0.95, 0.02, -0.04
0.39, 7.75, -6.90, -0.90, -0.05, -0.07
0.16, 7.99, -6.91, -0.86, -0.11, -0.09
0.14, 8.09, -6.72, -0.79, -0.10, -0.11
0.14, 8.06, -6.63, -0.72, -0.01, -0.12
0.18, 7.92, -6.66, -0.69, 0.01, -0.12
0.18, 8.08, -6.60, -0.69, -0.09, -0.12
0.05, 8.41, -6.60, -0.67, -0.17, -0.11
-0.12, 8.65, -6.49, -0.61, -0.15, -0.09
-0.25, 8.78, -6.49, -0.52, -0.06, -0.06
-0.18, 8.70, -6.45, -0.44, -0.01, -0.04
-0.33, 8.50, -6.29, -0.40, -0.01, -0.02
-0.25, 8.71, -6.39, -0.36, -0.07, -0.02
-0.39, 8.87, -6.35, -0.30, -0.07, -0.01
-0.53, 8.99, -6.17, -0.23, -0.03, -0.00
-0.47, 9.11, -6.22, -0.15, 0.01, -0.01
-0.58, 9.15, -6.33, -0.06, 0.01, -0.03
-0.55, 9.28, -6.15, 0.04, -0.01, -0.05
-0.55, 9.28, -6.25, 0.13, -0.03, -0.06
-0.60, 9.15, -6.23, 0.23, -0.01, -0.06
-0.74, 8.97, -6.19, 0.31, 0.02, -0.06
-0.64, 8.85, -6.27, 0.39, 0.04, -0.06
-0.59, 8.74, -6.35, 0.46, 0.02, -0.06
-0.64, 8.74, -6.39, 0.52, 0.00, -0.06
-0.64, 8.63, -6.49, 0.59, 0.04, -0.05
-0.65, 8.55, -6.63, 0.66, 0.08, -0.05
-0.48, 8.56, -6.58, 0.72, 0.08, -0.06
-0.58, 8.57, -6.72, 0.80, 0.07, -0.07
-0.53, 8.54, -6.85, 0.89, 0.10, -0.08
-0.47, 8.33, -6.87, 0.98, 0.15, -0.08
-0.46, 8.05, -6.94, 1.06, 0.19, -0.09
-0.23, 7.74, -7.05, 1.14, 0.20, -0.11
-0.12, 7.47, -7.11, 1.20, 0.19, -0.12
-0.12, 7.13, -7.24, 1.25, 0.17, -0.14
-0.08, 6.78, -7.26, 1.28, 0.19, -0.15
-0.15, 6.32, -7.46, 1.30, 0.23, -0.16
0.02, 6.03, -7.57, 1.32, 0.25, -0.16
0.07, 5.77, -7.80, 1.32, 0.25, -0.16
0.20, 5.48, -7.84, 1.32, 0.24, -0.16
0.07, 4.94, -7.82, 1.31, 0.22, -0.15
0.17, 4.70, -8.26, 1.29, 0.21, -0.14
0.20, 4.48, -8.16, 1.27, 0.22, -0.13
0.34, 4.44, -8.43, 1.26, 0.22, -0.12
0.29, 4.37, -8.69, 1.26, 0.15, -0.12
0.20, 4.02, -8.60, 1.26, 0.07, -0.13
-0.05, 3.69, -8.74, 1.24, 0.05, -0.12
-0.16, 3.43, -8.93, 1.22, 0.10, -0.11
-0.12, 3.23, -9.04, 1.18, 0.13, -0.09
-0.25, 3.18, -9.07, 1.15, 0.12, -0.09
-0.22, 3.06, -9.13, 1.14, 0.13, -0.09
-0.21, 2.94, -9.12, 1.15, 0.20, -0.08
-0.08, 2.84, -9.17, 1.17, 0.24, -0.08
-0.05, 2.62, -9.13, 1.17, 0.21, -0.09
0.11, 2.35, -9.25, 1.16, 0.18, -0.10
0.08, 2.15, -9.33, 1.16, 0.18, -0.10
0.16, 1.90, -9.42, 1.14, 0.18, -0.11
0.27, 1.73, -9.44, 1.12, 0.18, -0.11
0.37, 1.57, -9.52, 1.09, 0.17, -0.12
0.31, 1.41, -9.44, 1.06, 0.14, -0.12
0.31, 1.39, -9.60, 1.04, 0.15, -0.13
0.44, 1.19, -9.52, 1.03, 0.19, -0.13
0.44, 0.99, -9.55, 1.02, 0.21, -0.13
0.55, 0.84, -9.62, 1.00, 0.22, -0.13
0.72, 0.56, -9.57, 0.97, 0.20, -0.13
0.74, 0.54, -9.55, 0.94, 0.16, -0.14
0.74, 0.47, -9.67, 0.94, 0.15, -0.14
0.72, 0.37, -9.73, 0.94, 0.18, -0.12
0.79, 0.12, -9.80, 0.93, 0.22, -0.11
0.79, -0.17, -9.80, 0.90, 0.21, -0.10
0.93, -0.27, -9.74, 0.87, 0.16, -0.11
0.83, -0.24, -9.71, 0.86, 0.14, -0.11
0.74, -0.18, -9.65, 0.88, 0.15, -0.11
0.71, -0.21, -9.80, 0.92, 0.19, -0.11
0.55, -0.57, -9.73, 0.95, 0.21, -0.11
0.71, -1.36, -9.54, 1.02, 0.18, -0.11
0.57, -1.57, -9.84, 0.88, 0.24, -0.15
0.63, -1.60, -9.54, 0.89, 0.34, -0.15
1.07, -1.78, -9.71, 0.81, 0.45, -0.17
1.23, -1.81, -9.46, 0.83, 0.35, -0.15
1.45, -1.93, -9.55, 0.77, 0.21, -0.13
1.42, -2.18, -9.58, 0.73, 0.15, -0.12
1.42, -2.65, -9.67, 0.66, 0.13, -0.10
1.37, -2.83, -9.57, 0.61, 0.08, -0.09
1.24, -3.02, -9.62, 0.49, 0.04, -0.08
1.38, -3.08, -9.48, 0.43, 0.05, -0.05
1.41, -3.35, -9.65, 0.29, 0.11, -0.05
1.59, -3.36, -9.57, 0.24, 0.00, -0.01
1.41, -3.36, -9.56, 0.09, -0.16, -0.03
1.27, -3.40, -9.60, 0.04, -0.19, -0.03
1.23, -3.49, -9.84, -0.04, -0.05, -0.01
1.50, -3.22, -9.12, -0.11, 0.05, -0.02
1.55, -3.60, -9.55, -0.22, -0.05, -0.01
1.59, -3.53, -9.36, -0.33, -0.22, -0.03
1.37, -3.35, -9.56, -0.40, -0.24, -0.02
1.37, -3.23, -9.47, -0.45, -0.10, -0.02
1.42, -3.17, -9.55, -0.49, -0.01, -0.02
1.64, -3.19, -9.56, -0.56, -0.10, -0.02
1.60, -3.05, -9.62, -0.63, -0.24, -0.02
1.35, -2.83, -9.60, -0.69, -0.25, -0.01
1.36, -2.74, -9.57, -0.73, -0.15, -0.00
1.33, -2.66, -9.56, -0.79, -0.12, 0.01
1.29, -2.50, -9.49, -0.85, -0.19, 0.01
1.27, -2.28, -9.57, -0.90, -0.25, 0.02
1.11, -2.16, -9.55, -0.93, -0.24, 0.03
1.07, -1.99, -9.65, -0.97, -0.20, 0.04
1.27, -1.97, -9.91, -1.04, -0.21, 0.05
0.93, -1.79, -9.73, -1.07, -0.26, 0.06
0.84, -1.65, -9.62, -1.16, -0.27, 0.07
0.80, -1.53, -9.56, -1.22, -0.29, 0.09
0.66, -1.17, -9.45, -1.27, -0.31, 0.11
0.62, -0.94, -9.51, -1.33, -0.34, 0.12
0.52, -0.64, -9.54, -1.39, -0.31, 0.14
0.68, -0.40, -9.51, -1.40, -0.33, 0.17
0.54, -0.23, -9.49, -1.47, -0.38, 0.18
0.43, 0.00, -9.36, -1.52, -0.43, 0.21
0.29, 0.17, -9.20, -1.57, -0.43, 0.23
0.20, 0.42, -9.17, -1.63, -0.40, 0.25
0.14, 0.54, -8.90, -1.67, -0.39, 0.26
0.22, 1.03, -8.89, -1.77, -0.37, 0.26
0.13, 1.59, -8.78, -1.82, -0.39, 0.26
0.09, 2.18, -8.78, -1.86, -0.41, 0.26
0.14, 2.67, -8.90, -1.84, -0.41, 0.26
0.19, 3.02, -8.73, -1.83, -0.39, 0.25
-0.04, 3.34, -8.38, -1.82, -0.44, 0.25
-0.08, 3.85, -8.29, -1.81, -0.44, 0.23
-0.23, 4.46, -8.40, -1.78, -0.40, 0.22
-0.26, 5.04, -8.46, -1.73, -0.34, 0.20
-0.25, 5.25, -8.41, -1.67, -0.31, 0.18
-0.21, 5.24, -8.05, -1.62, -0.30, 0.15
-0.23, 5.19, -7.78, -1.61, -0.34, 0.13
-0.36, 5.62, -7.83, -1.61, -0.34, 0.11
-0.42, 6.10, -7.74, -1.59, -0.30, 0.10
-0.48, 6.45, -7.65, -1.56, -0.27, 0.08
-0.42, 6.54, -7.57, -1.52, -0.25, 0.07
-0.41, 6.55, -7.18, -1.51, -0.22, 0.05
-0.61, 6.70, -6.93, -1.53, -0.27, 0.03
-0.78, 7.34, -6.90, -1.53, -0.34, 0.00
-1.17, 8.30, -6.87, -1.46, -0.31, -0.00
-1.35, 9.09, -6.73, -1.32, -0.21, -0.01
-1.35, 9.36, -6.70, -1.13, -0.06, -0.01
-1.25, 9.22, -6.52, -0.95, 0.02, -0.01
-1.03, 9.06, -6.40, -0.84, -0.03, -0.03
-1.15, 9.04, -6.65, -0.75, -0.09, -0.04
-1.27, 9.51, -6.50, -0.64, -0.12, -0.04
-1.33, 9.88, -6.53, -0.48, -0.05, -0.03
-1.39, 9.86, -6.45, -0.32, 0.01, -0.01
-1.40, 9.61, -6.46, -0.16, 0.02, -0.00
-1.38, 9.36, -6.43, -0.06, 0.03, -0.00
-1.32, 9.12, -6.50, 0.04, 0.08, 0.00
-1.19, 9.17, -6.46, 0.15, 0.10, 0.01
-1.13, 8.90, -6.43, 0.24, 0.08, 0.01
-1.10, 8.66, -6.44, 0.33, 0.08, 0.01
-0.99, 8.38, -6.61, 0.38, 0.11, 0.01
-0.85, 8.23, -6.71, 0.43, 0.12, 0.01
-0.89, 8.34, -6.71, 0.48, 0.10, -0.01
-0.75, 8.50, -6.84, 0.55, 0.09, -0.02
-0.79, 8.49, -6.83, 0.65, 0.12, -0.02
-0.70, 8.27, -6.90, 0.73, 0.17, -0.04
-0.64, 8.12, -7.03, 0.80, 0.20, -0.05
-0.49, 8.03, -7.06, 0.87, 0.18, -0.08
-0.46, 7.94, -7.09, 0.96, 0.18, -0.11
-0.42, 7.67, -7.15, 1.04, 0.20, -0.12
-0.51, 7.26, -7.30, 1.10, 0.20, -0.15
-0.53, 6.91, -7.44, 1.14, 0.22, -0.16
-0.49, 6.66, -7.47, 1.17, 0.26, -0.18
-0.47, 6.54, -7.62, 1.21, 0.30, -0.19
-0.41, 6.32, -7.67, 1.24, 0.32, -0.20
-0.37, 6.14, -7.77, 1.28, 0.31, -0.21
-0.34, 5.85, -7.87, 1.32, 0.32, -0.21
-0.27, 5.63, -8.00, 1.36, 0.35, -0.20
-0.34, 5.34, -8.12, 1.39, 0.37, -0.20
-0.31, 5.07, -8.17, 1.42, 0.36, -0.19
-0.28, 4.71, -8.27, 1.43, 0.34, -0.18
-0.21, 4.41, -8.54, 1.44, 0.34, -0.17
-0.19, 4.19, -8.53, 1.44, 0.34, -0.15
-0.16, 4.03, -8.60, 1.46, 0.31, -0.14
-0.12, 3.71, -8.66, 1.47, 0.29, -0.13
-0.13, 3.42, -8.74, 1.48, 0.30, -0.11
-0.04, 3.03, -8.89, 1.48, 0.32, -0.09
-0.02, 2.68, -8.87, 1.47, 0.29, -0.07
0.03, 2.36, -9.01, 1.44, 0.25, -0.07
0.16, 2.02, -9.03, 1.41, 0.23, -0.06
0.18, 1.91, -9.17, 1.38, 0.24, -0.04
0.31, 1.70, -9.18, 1.37, 0.22, -0.04
0.26, 1.48, -9.36, 1.35, 0.19, -0.03
0.39, 1.22, -9.43, 1.32, 0.19, -0.01
0.46, 0.97, -9.37, 1.29, 0.20, -0.01
0.56, 0.67, -9.47, 1.25, 0.19, -0.01
0.51, 0.46, -9.47, 1.21, 0.15, -0.01
0.54, 0.40, -9.59, 1.19, 0.14, -0.01
0.44, 0.31, -9.58, 1.17, 0.17, 0.00
0.55, 0.08, -9.52, 1.15, 0.20, 0.00
0.62, -0.09, -9.59, 1.13, 0.21, -0.00
0.69, -0.24, -9.65, 1.13, 0.17, 0.01
0.65, -0.28, -9.61, 1.11, 0.19, -0.03
0.90, -0.36, -9.73, 1.11, 0.22, -0.02
0.84, -0.40, -9.57, 1.14, 0.22, -0.03
0.87, -0.75, -9.69, 1.17, 0.20, -0.04
0.90, -1.30, -9.61, 1.17, 0.19, -0.04
1.03, -1.92, -9.56, 1.12, 0.21, -0.05
1.26, -2.28, -9.54, 1.03, 0.24, -0.05
1.44, -2.60, -9.43, 0.96, 0.17, -0.05
1.40, -2.83, -9.67, 0.86, 0.06, -0.06
1.22, -3.12, -9.52, 0.75, -0.03, -0.05
1.29, -3.59, -9.77, 0.63, -0.01, -0.06
1.09, -3.43, -9.52, 0.54, 0.03, -0.02
1.05, -3.80, -9.63, 0.40, -0.10, -0.03
0.86, -3.89, -9.72, 0.28, -0.22, -0.02
0.57, -4.01, -9.68, 0.15, -0.20, -0.02
0.51, -3.86, -9.55, 0.05, -0.08, -0.02
0.59, -3.56, -9.63, -0.03, 0.01, -0.00
0.73, -3.62, -9.52, -0.10, -0.05, 0.01
0.71, -3.51, -9.59, -0.19, -0.14, 0.01
0.64, -3.43, -9.61, -0.25, -0.16, -0.00
0.62, -3.27, -9.58, -0.32, -0.09, 0.00
0.67, -3.04, -9.53, -0.38, -0.02, 0.00
0.76, -2.92, -9.55, -0.42, -0.03, 0.01
0.87, -2.77, -9.52, -0.46, -0.07, 0.01
0.83, -2.72, -9.57, -0.49, -0.08, 0.01
0.92, -2.66, -9.70, -0.55, -0.05, 0.01
0.96, -2.58, -9.54, -0.59, -0.04, 0.01
1.03, -2.45, -9.65, -0.63, -0.08, 0.02
1.00, -2.43, -9.59, -0.67, -0.13, 0.02
0.93, -2.32, -9.62, -0.73, -0.14, 0.03
0.80, -2.19, -9.67, -0.77, -0.13, 0.04
0.82, -2.06, -9.72, -0.81, -0.11, 0.04
0.76, -2.00, -9.73, -0.85, -0.12, 0.05
0.69, -1.91, -9.78, -0.91, -0.12, 0.05
0.71, -1.79, -9.66, -0.96, -0.10, 0.06
0.74, -1.68, -9.71, -1.02, -0.08, 0.06
0.72, -1.49, -9.65, -1.08, -0.10, 0.06
0.70, -1.30, -9.55, -1.14, -0.09, 0.07
0.77, -1.24, -9.96, -1.20, -0.16, 0.07
0.45, -0.95, -9.49, -1.26, -0.17, 0.06
0.29, -0.75, -9.90, -1.30, -0.11, 0.08
0.45, -0.62, -9.49, -1.34, -0.13, 0.08
0.38, -0.28, -9.39, -1.41, -0.16, 0.08
0.34, -0.08, -9.64, -1.45, -0.20, 0.10
0.34, 0.10, -9.27, -1.49, -0.22, 0.11
0.28, 0.38, -9.44, -1.55, -0.21, 0.10
0.01, 0.74, -9.32, -1.58, -0.24, 0.12
-0.02, 0.98, -9.04, -1.61, -0.25, 0.13
0.10, 1.13, -9.11, -1.65, -0.16, 0.18
0.23, 1.16, -8.81, -1.74, -0.11, 0.20
0.51, 1.37, -8.67, -1.88, -0.15, 0.20
0.59, 1.91, -8.40, -1.98, -0.28, 0.20
0.52, 2.80, -8.41, -2.06, -0.35, 0.19
0.18, 3.83, -8.36, -2.05, -0.38, 0.18
0.08, 4.68, -8.38, -1.97, -0.35, 0.18
0.01, 5.23, -8.43, -1.86, -0.29, 0.18
-0.09, 5.52, -8.25, -1.74, -0.22, 0.18
-0.08, 5.58, -8.10, -1.65, -0.16, 0.17
0.04, 5.87, -7.94, -1.60, -0.17, 0.15
0.11, 6.32, -8.00, -1.54, -0.19, 0.13
-0.01, 6.75, -7.91, -1.44, -0.21, 0.12
0.06, 6.88, -7.76, -1.34, -0.20, 0.11
0.06, 6.80, -7.72, -1.24, -0.16, 0.12
0.05, 6.70, -7.44, -1.18, -0.14, 0.11
0.06, 6.99, -7.39, -1.15, -0.16, 0.10
0.15, 7.31, -7.37, -1.11, -0.15, 0.09
0.28, 7.61, -7.24, -1.05, -0.18, 0.07
0.21, 7.87, -7.26, -0.97, -0.25, 0.03
0.02, 8.04, -7.16, -0.89, -0.35, -0.03
-0.63, 7.87, -7.28, -0.81, -0.44, -0.08
-1.13, 7.50, -7.27, -0.76, -0.39, -0.09
-1.38, 7.11, -7.19, -0.75, -0.17, -0.07
-1.36, 6.89, -7.07, -0.76, 0.04, -0.03
-1.02, 6.89, -6.84, -0.78, 0.11, -0.01
-0.59, 7.00, -6.67, -0.79, 0.05, -0.00
-0.57, 7.18, -6.65, -0.81, -0.07, -0.01
-0.60, 7.61, -6.68, -0.79, -0.13, -0.01
-0.73, 7.84, -6.69, -0.75, -0.06, -0.00
-0.66, 7.89, -6.60, -0.69, 0.01, 0.01
-0.59, 7.98, -6.46, -0.65, -0.00, 0.00
-0.50, 8.14, -6.39, -0.63, -0.07, -0.01
-0.33, 8.82, -6.46, -0.58, -0.11, -0.02
-0.44, 9.27, -6.46, -0.49, -0.14, -0.03
-0.45, 9.53, -6.35, -0.36, -0.14, -0.03
-0.45, 9.67, -6.23, -0.23, -0.11, -0.02
-0.40, 9.63, -6.25, -0.11, -0.10, -0.02
-0.46, 9.54, -6.22, 0.01, -0.13, -0.03
-0.44, 9.46, -6.24, 0.12, -0.16, -0.03
-0.50, 9.28, -6.18, 0.22, -0.12, -0.00
-0.42, 8.83, -6.24, 0.29, -0.06, 0.03
-0.48, 8.62, -6.19, 0.32, -0.08, 0.02
-0.45, 8.52, -6.19, 0.35, -0.12, 0.01
-0.50, 8.50, -6.30, 0.39, -0.07, 0.01
-0.43, 8.57, -6.31, 0.44, 0.01, 0.02
-0.33, 8.63, -6.35, 0.50, -0.01, 0.02
-0.31, 8.77, -6.41, 0.56, -0.09, 0.00
-0.48, 8.58, -6.41, 0.63, -0.12, -0.01
-0.59, 8.40, -6.55, 0.71, -0.08, -0.01
-0.62, 8.24, -6.66, 0.77, -0.04, -0.01
-0.72, 8.05, -6.67, 0.82, -0.04, -0.02
-0.68, 7.96, -6.84, 0.87, -0.06, -0.03
-0.84, 7.89, -6.95, 0.93, -0.05, -0.04
-0.85, 7.64, -6.97, 0.98, -0.04, -0.05
-1.06, 7.45, -7.15, 1.03, -0.05, -0.06
-1.21, 7.27, -7.13, 1.08, -0.04, -0.07
-1.19, 7.09, -7.33, 1.13, 0.04, -0.07
-1.14, 6.84, -7.31, 1.19, 0.12, -0.07
-1.10, 6.57, -7.37, 1.23, 0.12, -0.09
-1.09, 6.27, -7.54, 1.25, 0.10, -0.11
-1.17, 5.99, -7.80, 1.27, 0.12, -0.12
-1.19, 5.75, -7.83, 1.28, 0.18, -0.14
-1.20, 5.63, -7.92, 1.30, 0.19, -0.15
-1.19, 5.48, -8.05, 1.31, 0.21, -0.17
-1.13, 5.30, -8.16, 1.33, 0.25, -0.19
-1.30, 5.23, -8.45, 1.36, 0.28, -0.23
-1.88, 5.16, -8.58, 1.41, 0.38, -0.26
-1.58, 4.74, -8.38, 1.48, 0.69, -0.27
-0.73, 4.22, -8.50, 1.52, 1.02, -0.25
0.18, 3.70, -8.20, 1.53, 1.02, -0.26
0.67, 3.24, -8.45, 1.47, 0.64, -0.30
0.58, 2.81, -8.57, 1.39, 0.34, -0.34
0.49, 2.74, -8.78, 1.35, 0.41, -0.36
0.66, 2.65, -9.03, 1.34, 0.61, -0.34
0.85, 2.31, -9.02, 1.32, 0.60, -0.34
0.99, 2.03, -8.99, 1.26, 0.40, -0.35
1.03, 1.82, -9.12, 1.20, 0.29, -0.35
1.02, 1.88, -9.33, 1.19, 0.32, -0.33
0.90, 1.98, -9.36, 1.20, 0.30, -0.30
0.90, 1.97, -9.37, 1.22, 0.26, -0.30
0.89, 1.92, -9.42, 1.26, 0.25, -0.27
0.88, 1.59, -9.43, 1.32, 0.28, -0.24
0.95, 1.32, -9.45, 1.37, 0.28, -0.22
0.79, 0.93, -9.56, 1.39, 0.21, -0.19
0.84, 0.44, -9.45, 1.41, 0.17, -0.17
0.80, 0.02, -9.49, 1.39, 0.23, -0.15
0.69, -0.45, -9.50, 1.35, 0.25, -0.11
0.86, -0.82, -9.49, 1.29, 0.19, -0.12
0.65, -0.97, -9.54, 1.27, 0.12, -0.07
0.98, -1.14, -9.62, 1.17, 0.13, -0.07
0.79, -1.24, -9.65, 1.15, 0.16, -0.06
0.88, -1.57, -9.51, 1.12, 0.11, -0.06
0.83, -1.81, -9.63, 1.07, 0.06, -0.06
0.81, -2.13, -9.57, 1.04, 0.04, -0.05
0.83, -2.56, -9.63, 0.93, 0.10, -0.06
1.03, -2.90, -9.68, 0.86, 0.08, -0.04
0.91, -3.12, -9.57, 0.74, 0.00, -0.04
1.03, -3.09, -9.39, 0.61, -0.04, -0.06
1.00, -3.14, -9.57, 0.52, -0.02, -0.05
1.03, -3.12, -9.79, 0.43, 0.04, -0.04
1.28, -3.16, -9.65, 0.38, 0.03, -0.03
1.39, -3.19, -9.50, 0.30, -0.04, -0.03
1.35, -3.24, -9.63, 0.24, -0.09, -0.02
1.21, -3.22, -9.61, 0.19, -0.11, -0.02
1.04, -3.38, -9.61, 0.10, -0.08, -0.01
1.13, -3.35, -9.56, 0.05, -0.03, 0.00
1.20, -3.29, -9.52, -0.03, -0.02, 0.00
1.20, -3.24, -9.59, -0.08, -0.06, 0.01
1.17, -3.24, -9.51, -0.13, -0.10, 0.01
1.20, -3.17, -9.49, -0.17, -0.10, 0.02
1.08, -3.10, -9.60, -0.22, -0.08, 0.03
1.08, -3.01, -9.52, -0.26, -0.10, 0.04
0.93, -2.96, -9.61, -0.31, -0.14, 0.05
0.89, -2.95, -9.63, -0.35, -0.13, 0.06
0.62, -2.91, -9.58, -0.39, -0.12, 0.07
0.74, -2.86, -9.73, -0.43, -0.11, 0.09
0.62, -2.83, -9.64, -0.48, -0.11, 0.10
0.72, -2.82, -9.61, -0.53, -0.12, 0.11
0.88, -2.71, -9.66, -0.58, -0.15, 0.10
1.00, -2.87, -9.66, -0.61, -0.19, 0.09
1.08, -3.09, -9.74, -0.70, -0.21, 0.04
1.12, -3.23, -9.56, -0.81, -0.29, -0.03
0.78, -2.99, -9.52, -0.97, -0.47, -0.10
0.18, -2.31, -9.57, -1.09, -0.60, -0.10
0.05, -1.87, -9.86, -1.14, -0.52, -0.05
-0.35, -1.42, -9.59, -1.17, -0.25, -0.02
-0.11, -1.09, -9.65, -1.18, -0.08, 0.03
0.06, -0.67, -9.56, -1.19, -0.24, 0.06
-0.01, -0.42, -9.60, -1.22, -0.40, 0.06
-0.05, -0.13, -9.65, -1.19, -0.34, 0.09
-0.09, -0.06, -9.66, -1.17, -0.17, 0.09
0.13, 0.18, -9.52, -1.19, -0.14, 0.07
0.05, 0.36, -9.57, -1.22, -0.26, 0.06
0.05, 0.45, -9.49, -1.22, -0.31, 0.04
0.14, 0.64, -9.61, -1.24, -0.22, 0.03
0.09, 0.87, -9.55, -1.25, -0.17, 0.02
0.11, 0.87, -9.56, -1.25, -0.24, 0.03
0.33, 0.91, -9.38, -1.30, -0.26, 0.03
0.48, 0.73, -9.31, -1.35, -0.23, 0.06
0.59, 0.61, -9.17, -1.48, -0.32, 0.07
0.25, 1.01, -9.07, -1.61, -0.58, 0.09
-0.25, 1.50, -8.97, -1.69, -0.69, 0.12
-0.58, 1.98, -8.92, -1.73, -0.50, 0.15
-0.86, 2.60, -8.92, -1.73, -0.30, 0.18
-0.80, 3.12, -8.74, -1.70, -0.27, 0.20
-0.79, 3.53, -8.66, -1.69, -0.33, 0.19
-0.77, 3.97, -8.66, -1.66, -0.35, 0.18
-0.84, 4.37, -8.52, -1.63, -0.31, 0.16
-0.91, 4.76, -8.48, -1.58, -0.29, 0.15
-1.02, 5.09, -8.41, -1.51, -0.30, 0.13
-1.06, 5.23, -8.29, -1.44, -0.30, 0.12
-1.16, 5.30, -8.01, -1.38, -0.28, 0.12
-1.15, 5.35, -7.90, -1.35, -0.25, 0.11
-1.19, 5.54, -7.93, -1.34, -0.25, 0.09
-1.40, 5.95, -7.93, -1.31, -0.29, 0.07
-1.55, 6.34, -7.86, -1.25, -0.30, 0.05
-1.53, 6.44, -7.79, -1.16, -0.21, 0.05
-1.32, 6.33, -7.72, -1.07, -0.07, 0.07
-1.07, 5.99, -7.40, -1.07, -0.07, 0.09
-1.00, 6.03, -7.24, -1.13, -0.22, 0.08
-1.06, 6.33, -7.36, -1.17, -0.33, 0.07
-1.09, 6.71, -7.16, -1.14, -0.28, 0.09
-1.07, 6.88, -6.99, -1.10, -0.19, 0.10
-0.99, 6.83, -7.02, -1.06, -0.18, 0.12
-0.92, 6.61, -6.74, -1.05, -0.24, 0.13
