1.68, 3.10, -8.69, -0.46, 1.92, 0.27
1.88, 3.14, -8.57, -0.44, 1.82, 0.26
2.07, 3.10, -8.52, -0.46, 1.67, 0.25
2.14, 3.07, -8.43, -0.49, 1.63, 0.22
2.10, 3.01, -8.38, -0.52, 1.62, 0.20
2.27, 3.12, -8.41, -0.56, 1.68, 0.20
2.47, 3.14, -8.39, -0.59, 1.71, 0.22
2.71, 3.12, -8.09, -0.61, 1.72, 0.24
2.96, 3.18, -8.16, -0.63, 1.74, 0.29
3.33, 3.34, -8.19, -0.63, 1.78, 0.35
3.80, 3.40, -8.07, -0.64, 1.79, 0.43
4.30, 3.31, -7.87, -0.67, 1.75, 0.48
4.71, 3.39, -7.68, -0.69, 1.67, 0.53
5.10, 3.60, -7.75, -0.72, 1.63, 0.56
5.45, 3.77, -7.22, -0.74, 1.62, 0.56
5.99, 4.07, -6.90, -0.73, 1.62, 0.55
6.64, 4.41, -6.87, -0.67, 1.61, 0.50
7.10, 4.69, -6.74, -0.60, 1.48, 0.42
7.36, 4.63, -6.68, -0.51, 1.24, 0.33
7.38, 4.45, -6.52, -0.44, 1.01, 0.25
7.29, 4.42, -6.42, -0.41, 0.88, 0.20
7.30, 4.55, -6.30, -0.39, 0.84, 0.19
7.39, 4.54, -6.21, -0.40, 0.83, 0.19
7.71, 4.55, -6.03, -0.40, 0.82, 0.20
8.01, 4.67, -5.84, -0.42, 0.79, 0.20
8.60, 4.83, -5.70, -0.42, 0.71, 0.21
9.22, 5.04, -5.40, -0.44, 0.55, 0.21
9.50, 5.42, -5.35, -0.43, 0.31, 0.20
9.41, 5.78, -5.47, -0.37, 0.05, 0.16
9.09, 6.18, -5.56, -0.23, -0.11, 0.09
8.93, 6.22, -5.51, -0.05, -0.17, -0.01
8.69, 6.00, -5.29, 0.11, -0.23, -0.14
8.58, 5.59, -5.53, 0.24, -0.35, -0.26
8.25, 5.09, -5.66, 0.29, -0.48, -0.36
8.02, 4.84, -5.70, 0.28, -0.56, -0.39
7.86, 4.78, -5.68, 0.26, -0.61, -0.37
7.75, 5.01, -5.64, 0.26, -0.69, -0.34
7.65, 5.23, -5.98, 0.30, -0.77, -0.32
7.66, 5.20, -6.07, 0.37, -0.83, -0.32
7.56, 5.02, -6.13, 0.43, -0.94, -0.34
7.27, 4.84, -6.28, 0.47, -1.09, -0.36
7.03, 4.59, -6.42, 0.48, -1.14, -0.37
6.90, 4.40, -6.51, 0.46, -1.15, -0.37
6.61, 4.31, -6.79, 0.46, -1.26, -0.39
6.28, 4.27, -6.99, 0.46, -1.39, -0.45
5.93, 4.09, -7.05, 0.46, -1.41, -0.53
5.84, 3.90, -7.13, 0.45, -1.36, -0.59
5.71, 3.75, -7.13, 0.40, -1.43, -0.65
5.50, 3.76, -7.41, 0.39, -1.59, -0.71
4.93, 3.73, -7.62, 0.39, -1.74, -0.78
4.48, 3.62, -7.66, 0.40, -1.77, -0.85
4.08, 3.43, -7.79, 0.38, -1.71, -0.90
3.99, 3.38, -7.92, 0.34, -1.67, -0.94
3.71, 3.23, -8.08, 0.28, -1.75, -0.96
3.31, 3.34, -7.98, 0.23, -1.88, -0.98
2.84, 3.53, -8.09, 0.21, -1.93, -0.98
2.34, 3.53, -8.12, 0.22, -1.87, -1.00
2.15, 3.45, -8.12, 0.21, -1.83, -1.01
1.84, 3.44, -8.22, 0.18, -1.88, -1.03
1.56, 3.38, -8.18, 0.15, -2.00, -1.03
1.17, 3.34, -8.17, 0.11, -2.03, -1.01
0.87, 3.39, -8.17, 0.11, -2.01, -0.98
0.38, 3.58, -8.27, 0.10, -2.03, -0.96
-0.15, 3.50, -8.08, 0.11, -2.07, -0.92
-0.54, 3.46, -8.05, 0.11, -2.08, -0.89
-1.10, 3.29, -8.03, 0.10, -2.17, -0.86
-1.92, 3.36, -8.08, 0.09, -2.29, -0.82
-3.12, 3.19, -7.81, 0.03, -2.28, -0.76
-4.26, 3.29, -7.90, 0.02, -2.18, -0.67
-5.68, 3.41, -8.02, 0.01, -1.98, -0.51
-6.57, 3.80, -8.15, 0.03, -1.64, -0.28
-6.52, 4.01, -8.19, 0.09, -1.26, -0.04
-5.97, 3.83, -8.44, 0.13, -0.99, 0.14
-5.34, 3.64, -8.39, 0.16, -0.88, 0.24
-4.93, 3.31, -8.28, 0.14, -0.85, 0.25
-4.94, 3.28, -8.29, 0.09, -0.82, 0.26
-5.04, 3.43, -8.15, 0.08, -0.75, 0.29
-4.77, 3.33, -7.97, 0.06, -0.66, 0.31
-4.43, 3.36, -7.85, 0.07, -0.64, 0.30
-4.03, 3.47, -7.85, 0.03, -0.65, 0.28
-3.74, 3.50, -7.80, 0.04, -0.70, 0.25
-3.75, 3.54, -7.70, 0.05, -0.77, 0.20
-4.21, 3.66, -7.73, 0.04, -0.84, 0.17
-4.64, 3.41, -7.75, 0.01, -0.82, 0.15
-5.23, 3.54, -7.76, -0.03, -0.80, 0.11
-5.60, 3.76, -7.76, -0.06, -0.74, 0.09
-5.61, 3.96, -7.52, -0.07, -0.63, 0.08
-5.43, 4.04, -7.56, -0.05, -0.58, 0.07
-5.62, 3.96, -7.63, -0.03, -0.57, 0.06
-5.91, 3.77, -7.52, -0.02, -0.52, 0.06
-5.97, 3.72, -7.48, -0.03, -0.46, 0.06
-6.05, 3.66, -7.48, -0.06, -0.40, 0.06
-6.22, 3.75, -7.69, -0.08, -0.33, 0.07
-6.36, 3.61, -7.53, -0.12, -0.26, 0.08
-6.52, 3.60, -7.47, -0.15, -0.17, 0.10
-6.34, 3.79, -7.32, -0.16, -0.08, 0.11
-6.12, 3.91, -7.38, -0.17, -0.02, 0.13
-5.88, 3.85, -7.43, -0.15, -0.00, 0.14
-5.90, 3.87, -7.33, -0.15, 0.03, 0.15
-5.85, 3.76, -7.21, -0.15, 0.07, 0.19
-5.68, 3.68, -7.36, -0.16, 0.11, 0.21
-5.40, 3.70, -7.26, -0.19, 0.10, 0.26
-5.13, 3.66, -7.32, -0.22, 0.09, 0.29
-5.19, 3.79, -7.50, -0.26, 0.06, 0.32
-5.24, 4.19, -7.47, -0.29, 0.07, 0.36
-5.36, 4.47, -7.32, -0.25, 0.11, 0.39
-5.21, 4.66, -7.38, -0.22, 0.14, 0.39
-4.96, 4.68, -7.28, -0.18, 0.15, 0.39
-4.77, 4.71, -7.18, -0.15, 0.14, 0.37
-4.78, 4.66, -7.22, -0.13, 0.14, 0.35
-4.76, 4.62, -7.17, -0.12, 0.14, 0.32
-4.78, 4.55, -7.27, -0.14, 0.15, 0.30
-4.84, 4.56, -7.22, -0.16, 0.18, 0.27
-4.97, 4.73, -7.29, -0.18, 0.24, 0.25
-4.83, 4.84, -7.42, -0.17, 0.31, 0.23
-4.63, 4.95, -7.38, -0.15, 0.34, 0.21
-4.50, 4.97, -7.30, -0.13, 0.36, 0.20
-4.49, 4.93, -7.40, -0.12, 0.37, 0.17
-4.58, 4.78, -7.50, -0.11, 0.40, 0.15
-4.56, 4.63, -7.38, -0.13, 0.45, 0.14
-4.55, 4.69, -7.56, -0.16, 0.51, 0.13
-4.46, 4.74, -7.53, -0.16, 0.57, 0.13
-4.40, 4.84, -7.58, -0.19, 0.62, 0.13
-4.23, 4.99, -7.51, -0.18, 0.67, 0.13
-4.29, 5.32, -7.65, -0.17, 0.72, 0.12
-4.47, 5.54, -7.64, -0.12, 0.80, 0.10
-4.57, 5.41, -7.69, -0.08, 0.91, 0.09
-4.43, 5.09, -7.67, -0.08, 1.03, 0.08
-4.35, 5.04, -7.65, -0.09, 1.15, 0.06
-4.49, 5.25, -7.69, -0.10, 1.28, 0.03
-4.53, 5.35, -7.77, -0.05, 1.45, 0.02
-4.36, 5.49, -7.74, -0.02, 1.63, 0.02
-4.04, 5.44, -7.59, 0.01, 1.82, 0.03
-3.23, 5.40, -7.62, 0.09, 1.96, 0.05
-2.54, 5.21, -7.47, 0.14, 2.01, 0.07
-2.28, 4.95, -7.68, 0.16, 1.99, 0.10
-2.10, 4.83, -7.71, 0.18, 2.03, 0.16
-1.66, 4.45, -7.65, 0.19, 2.08, 0.25
-1.14, 3.88, -7.96, 0.14, 2.08, 0.38
-0.74, 3.42, -7.88, 0.05, 2.05, 0.51
-0.35, 3.22, -7.93, -0.06, 2.04, 0.64
0.06, 3.29, -8.02, -0.18, 1.99, 0.75
0.20, 3.34, -7.91, -0.27, 1.94, 0.85
0.62, 3.31, -7.82, -0.36, 1.96, 0.96
1.12, 3.23, -7.81, -0.47, 1.99, 1.06
1.93, 3.10, -7.72, -0.66, 2.11, 1.14
2.82, 3.16, -7.75, -0.68, 2.02, 1.19
3.07, 3.90, -7.53, -0.76, 1.71, 1.19
3.16, 4.25, -7.56, -0.72, 1.53, 1.19
3.04, 4.27, -7.54, -0.71, 1.53, 1.20
3.29, 4.28, -7.46, -0.72, 1.65, 1.23
4.13, 4.39, -7.33, -0.76, 1.77, 1.27
5.15, 4.69, -7.14, -0.80, 1.79, 1.28
6.06, 5.23, -6.74, -0.80, 1.61, 1.23
6.44, 5.71, -6.56, -0.75, 1.26, 1.12
6.49, 6.19, -6.59, -0.66, 1.04, 0.99
6.65, 6.16, -6.36, -0.50, 0.98, 0.89
7.18, 5.85, -6.15, -0.45, 1.00, 0.80
7.42, 5.47, -6.12, -0.42, 0.82, 0.73
7.43, 5.43, -6.06, -0.45, 0.51, 0.67
7.22, 5.46, -6.10, -0.44, 0.34, 0.63
7.10, 5.36, -6.07, -0.43, 0.41, 0.58
7.37, 5.16, -5.95, -0.44, 0.47, 0.50
7.61, 5.09, -5.82, -0.49, 0.32, 0.37
7.46, 5.48, -5.81, -0.47, 0.08, 0.24
7.47, 5.87, -5.73, -0.47, 0.08, 0.12
7.63, 6.00, -5.53, -0.38, 0.14, 0.04
7.64, 6.25, -5.64, -0.34, 0.00, -0.06
7.53, 6.37, -5.68, -0.28, -0.15, -0.15
7.55, 6.38, -5.61, -0.17, -0.16, -0.21
7.55, 6.49, -5.49, -0.11, -0.14, -0.28
7.52, 6.41, -5.54, -0.04, -0.25, -0.34
7.49, 6.14, -5.66, 0.01, -0.38, -0.38
7.51, 5.91, -5.73, 0.04, -0.45, -0.41
7.41, 5.76, -5.83, 0.04, -0.54, -0.43
7.13, 5.69, -5.97, 0.03, -0.66, -0.44
7.06, 5.76, -6.16, 0.03, -0.73, -0.44
6.91, 5.79, -6.00, 0.02, -0.75, -0.42
7.02, 5.68, -5.97, 0.02, -0.83, -0.41
6.80, 5.78, -6.24, 0.01, -1.02, -0.39
6.37, 5.87, -6.34, 0.02, -1.18, -0.37
6.19, 5.97, -6.51, 0.02, -1.13, -0.31
6.17, 5.94, -6.35, 0.06, -1.09, -0.27
6.01, 5.94, -6.28, 0.05, -1.26, -0.27
5.59, 5.93, -6.40, 0.05, -1.48, -0.25
5.20, 6.02, -6.62, 0.07, -1.50, -0.23
5.03, 6.10, -6.66, 0.06, -1.38, -0.20
5.00, 6.13, -6.64, 0.08, -1.42, -0.20
4.72, 6.22, -6.66, 0.11, -1.58, -0.22
4.35, 6.31, -6.85, 0.17, -1.66, -0.26
3.77, 6.15, -6.82, 0.24, -1.65, -0.31
3.18, 6.05, -6.91, 0.31, -1.68, -0.37
2.45, 5.95, -7.17, 0.37, -1.63, -0.43
2.40, 5.63, -7.29, 0.41, -1.40, -0.47
2.58, 5.41, -7.21, 0.43, -1.25, -0.50
2.70, 5.15, -7.41, 0.40, -1.39, -0.55
2.47, 5.25, -7.43, 0.39, -1.66, -0.60
1.82, 5.09, -7.48, 0.39, -1.75, -0.63
1.26, 5.09, -7.70, 0.38, -1.64, -0.63
0.88, 4.98, -7.76, 0.38, -1.59, -0.64
0.54, 4.85, -7.77, 0.35, -1.60, -0.64
0.11, 4.80, -7.82, 0.32, -1.59, -0.64
-0.17, 4.78, -7.89, 0.30, -1.55, -0.64
-0.77, 4.81, -8.01, 0.27, -1.53, -0.65
-1.13, 4.88, -7.98, 0.27, -1.50, -0.66
-1.43, 4.95, -7.92, 0.26, -1.45, -0.64
-1.59, 5.04, -7.96, 0.28, -1.42, -0.61
-2.08, 5.03, -8.02, 0.33, -1.44, -0.59
-2.58, 5.03, -8.10, 0.38, -1.44, -0.56
-3.16, 4.97, -8.05, 0.42, -1.37, -0.51
-3.50, 4.79, -8.22, 0.43, -1.26, -0.45
-3.51, 4.54, -8.06, 0.45, -1.16, -0.38
-3.37, 4.34, -8.06, 0.42, -1.08, -0.32
-3.08, 4.26, -7.97, 0.39, -1.05, -0.31
-2.77, 4.32, -7.93, 0.38, -1.07, -0.34
-2.68, 4.42, -7.82, 0.39, -1.12, -0.42
-2.62, 4.38, -7.61, 0.43, -1.17, -0.51
-2.66, 4.36, -7.46, 0.47, -1.24, -0.63
-3.08, 4.23, -7.64, 0.53, -1.33, -0.75
-3.71, 3.84, -7.69, 0.55, -1.41, -0.87
-4.67, 3.53, -7.76, 0.55, -1.39, -0.97
-5.46, 3.31, -7.71, 0.55, -1.32, -1.04
-6.08, 3.05, -7.70, 0.52, -1.16, -1.04
-6.48, 2.78, -7.92, 0.52, -1.04, -0.98
-6.93, 2.25, -7.99, 0.46, -0.93, -0.85
-7.33, 1.68, -7.97, 0.34, -0.75, -0.68
-7.85, 1.10, -7.95, 0.17, -0.56, -0.50
-8.27, 0.83, -7.99, -0.05, -0.38, -0.34
-7.90, 1.26, -7.89, -0.26, -0.14, -0.16
-7.14, 2.32, -7.64, -0.29, -0.02, -0.00
-6.62, 3.13, -7.92, -0.24, -0.04, 0.10
-6.67, 3.36, -7.95, -0.14, -0.04, 0.17
-6.94, 3.13, -7.96, -0.08, 0.04, 0.24
-7.06, 3.02, -7.74, -0.07, 0.17, 0.27
-6.75, 3.12, -7.79, -0.05, 0.31, 0.30
-6.54, 3.03, -7.88, -0.03, 0.40, 0.31
-6.55, 2.90, -7.85, -0.06, 0.49, 0.33
-6.45, 2.84, -7.83, -0.09, 0.61, 0.33
-6.26, 2.88, -7.75, -0.13, 0.74, 0.32
-6.13, 3.04, -7.85, -0.17, 0.87, 0.31
-5.77, 3.17, -7.88, -0.20, 0.99, 0.28
-5.66, 3.45, -7.92, -0.22, 1.08, 0.25
-5.72, 3.63, -7.99, -0.21, 1.21, 0.22
-5.67, 3.74, -7.93, -0.18, 1.39, 0.20
-5.12, 3.92, -7.81, -0.16, 1.56, 0.21
-4.59, 3.73, -7.74, -0.12, 1.62, 0.20
-3.90, 3.67, -7.77, -0.09, 1.70, 0.18
-3.59, 3.60, -8.01, -0.10, 1.71, 0.16
-3.53, 3.42, -8.09, -0.10, 1.77, 0.14
-3.17, 3.33, -8.07, -0.12, 1.87, 0.14
-2.55, 3.39, -8.15, -0.12, 1.91, 0.14
-1.93, 3.45, -8.20, -0.13, 1.89, 0.15
-1.50, 3.41, -8.34, -0.13, 1.86, 0.14
-1.21, 3.44, -8.34, -0.13, 1.82, 0.12
-0.92, 3.49, -8.51, -0.12, 1.79, 0.10
-0.72, 3.44, -8.48, -0.12, 1.76, 0.09
-0.49, 3.30, -8.61, -0.14, 1.74, 0.08
-0.28, 3.18, -8.60, -0.17, 1.73, 0.07
-0.17, 3.24, -8.58, -0.20, 1.74, 0.06
-0.02, 3.20, -8.56, -0.23, 1.76, 0.05
0.17, 3.21, -8.53, -0.27, 1.79, 0.06
0.07, 3.36, -8.51, -0.30, 1.81, 0.06
-0.16, 3.49, -8.43, -0.31, 1.87, 0.10
-0.24, 3.60, -8.34, -0.29, 1.99, 0.18
-0.25, 3.53, -8.13, -0.29, 2.15, 0.29
0.39, 3.47, -7.92, -0.30, 2.29, 0.41
1.09, 3.41, -7.73, -0.33, 2.35, 0.51
1.85, 3.48, -7.89, -0.41, 2.49, 0.61
2.68, 3.44, -7.57, -0.40, 2.54, 0.70
3.44, 3.58, -7.36, -0.45, 2.41, 0.72
4.18, 3.48, -7.00, -0.44, 2.28, 0.71
4.64, 3.84, -7.18, -0.51, 2.25, 0.68
5.05, 3.99, -7.00, -0.48, 2.12, 0.64
5.40, 4.20, -6.83, -0.51, 1.97, 0.59
5.62, 4.40, -6.67, -0.48, 1.88, 0.58
6.32, 4.49, -6.51, -0.45, 1.90, 0.63
6.84, 4.51, -6.17, -0.43, 1.88, 0.69
7.40, 4.47, -5.91, -0.42, 1.69, 0.73
7.71, 4.47, -5.87, -0.39, 1.52, 0.74
8.20, 4.39, -5.79, -0.36, 1.43, 0.73
9.09, 4.21, -5.42, -0.34, 1.36, 0.66
9.15, 4.41, -5.46, -0.29, 1.15, 0.58
9.45, 4.47, -5.41, -0.22, 0.94, 0.47
9.80, 4.35, -5.37, -0.16, 0.78, 0.37
10.09, 4.38, -5.33, -0.12, 0.62, 0.26
10.13, 4.50, -5.17, -0.03, 0.39, 0.11
9.98, 4.53, -5.20, 0.06, 0.15, -0.07
9.58, 4.40, -5.33, 0.17, 0.04, -0.18
9.41, 3.94, -5.44, 0.20, 0.05, -0.23
9.30, 3.45, -5.46, 0.14, -0.01, -0.23
9.26, 3.28, -5.48, 0.04, -0.17, -0.20
9.03, 3.52, -5.39, -0.05, -0.31, -0.16
8.77, 3.94, -5.38, -0.08, -0.37, -0.14
8.37, 4.24, -5.49, -0.10, -0.41, -0.14
8.32, 4.34, -5.42, -0.09, -0.43, -0.13
8.23, 4.36, -5.56, -0.08, -0.47, -0.12
8.27, 4.54, -5.62, -0.08, -0.55, -0.12
8.07, 4.66, -5.73, -0.06, -0.63, -0.12
7.95, 4.75, -5.83, -0.03, -0.69, -0.13
7.80, 4.86, -5.88, -0.01, -0.75, -0.13
7.68, 4.87, -6.11, 0.02, -0.76, -0.12
7.79, 4.88, -6.11, 0.06, -0.75, -0.11
7.76, 4.93, -6.24, 0.09, -0.86, -0.11
7.55, 4.94, -6.36, 0.13, -0.99, -0.13
7.30, 4.81, -6.35, 0.19, -1.04, -0.13
7.20, 4.71, -6.53, 0.22, -1.05, -0.14
7.00, 4.49, -6.59, 0.24, -1.14, -0.15
6.77, 4.39, -6.74, 0.25, -1.23, -0.16
6.61, 4.54, -6.85, 0.27, -1.21, -0.18
6.53, 4.38, -6.97, 0.30, -1.21, -0.20
6.32, 4.24, -7.04, 0.32, -1.33, -0.23
5.98, 4.05, -7.15, 0.33, -1.47, -0.26
5.51, 3.89, -7.32, 0.34, -1.46, -0.27
5.37, 3.88, -7.40, 0.34, -1.38, -0.28
5.21, 3.83, -7.61, 0.34, -1.39, -0.28
4.95, 3.78, -7.67, 0.35, -1.51, -0.29
4.60, 3.79, -7.85, 0.36, -1.60, -0.30
4.05, 3.71, -8.03, 0.39, -1.53, -0.30
3.89, 3.64, -8.07, 0.40, -1.45, -0.30
3.60, 3.53, -8.19, 0.42, -1.49, -0.31
3.25, 3.49, -8.42, 0.45, -1.56, -0.33
3.03, 3.36, -8.57, 0.47, -1.56, -0.32
2.76, 3.22, -8.58, 0.47, -1.46, -0.31
2.59, 3.00, -8.66, 0.46, -1.43, -0.30
2.31, 2.85, -8.71, 0.43, -1.49, -0.29
2.04, 2.86, -8.80, 0.40, -1.52, -0.29
1.57, 2.81, -9.00, 0.38, -1.49, -0.28
1.41, 2.70, -9.07, 0.36, -1.44, -0.28
1.09, 2.72, -8.96, 0.34, -1.41, -0.26
1.07, 2.73, -9.09, 0.31, -1.38, -0.25
1.01, 2.66, -9.14, 0.30, -1.39, -0.24
0.78, 2.63, -9.16, 0.29, -1.40, -0.23
0.67, 2.61, -9.13, 0.27, -1.41, -0.23
0.58, 2.59, -9.08, 0.25, -1.43, -0.23
0.45, 2.52, -9.14, 0.23, -1.47, -0.24
0.23, 2.39, -8.98, 0.22, -1.52, -0.25
-0.01, 2.37, -8.94, 0.20, -1.58, -0.28
-0.42, 2.32, -9.02, 0.17, -1.65, -0.31
-0.88, 2.23, -9.00, 0.15, -1.69, -0.34
-1.46, 2.16, -9.04, 0.12, -1.71, -0.36
-2.14, 2.18, -9.01, 0.09, -1.67, -0.38
-2.87, 2.03, -8.93, 0.06, -1.58, -0.38
-3.33, 2.00, -9.12, 0.04, -1.46, -0.36
-3.71, 1.77, -8.96, -0.02, -1.31, -0.34
-3.64, 1.76, -8.75, -0.08, -1.14, -0.30
-3.38, 1.95, -8.79, -0.12, -1.07, -0.27
-3.31, 2.24, -8.97, -0.15, -1.10, -0.28
-3.28, 2.33, -8.83, -0.14, -1.11, -0.29
-3.62, 2.37, -8.73, -0.15, -1.13, -0.30
-3.88, 2.49, -8.76, -0.14, -1.13, -0.32
-4.24, 2.53, -8.56, -0.09, -1.12, -0.34
-4.74, 2.36, -8.57, -0.06, -1.11, -0.37
-5.29, 2.15, -8.49, -0.06, -1.06, -0.39
-5.67, 1.95, -8.56, -0.07, -0.96, -0.38
-5.91, 2.01, -8.57, -0.12, -0.83, -0.34
-6.12, 2.05, -8.48, -0.14, -0.71, -0.30
-6.34, 2.20, -8.48, -0.16, -0.60, -0.26
-6.63, 2.13, -8.39, -0.19, -0.47, -0.21
-6.68, 2.09, -8.44, -0.23, -0.30, -0.16
-6.54, 2.31, -8.17, -0.27, -0.16, -0.11
-6.33, 2.47, -8.17, -0.28, -0.05, -0.06
-6.31, 2.57, -8.22, -0.27, 0.03, -0.03
-6.34, 2.68, -8.14, -0.27, 0.13, 0.00
-6.33, 2.80, -8.18, -0.27, 0.25, 0.03
-6.19, 2.81, -8.07, -0.25, 0.37, 0.05
-5.96, 2.79, -8.15, -0.25, 0.46, 0.07
-5.80, 2.83, -8.16, -0.26, 0.54, 0.08
-5.72, 2.85, -8.24, -0.27, 0.64, 0.09
-5.52, 2.96, -8.25, -0.26, 0.73, 0.10
-5.32, 3.01, -8.20, -0.26, 0.80, 0.12
-5.08, 2.92, -8.26, -0.26, 0.88, 0.13
-4.92, 2.99, -8.46, -0.26, 0.93, 0.13
-4.91, 3.11, -8.39, -0.26, 1.03, 0.14
-4.78, 2.92, -8.56, -0.24, 1.14, 0.15
-4.18, 3.23, -8.51, -0.24, 1.21, 0.15
-3.82, 3.16, -8.44, -0.23, 1.25, 0.15
-3.49, 3.06, -8.54, -0.23, 1.30, 0.14
-3.24, 3.05, -8.49, -0.23, 1.34, 0.13
-2.88, 3.16, -8.58, -0.23, 1.37, 0.12
-2.80, 3.11, -8.69, -0.24, 1.38, 0.09
-2.75, 3.11, -8.71, -0.27, 1.40, 0.06
-2.72, 3.12, -8.68, -0.29, 1.45, 0.03
-2.74, 3.32, -8.49, -0.31, 1.54, 0.01
-2.36, 3.54, -8.51, -0.28, 1.62, -0.00
-1.98, 3.72, -8.48, -0.23, 1.74, -0.01
-1.42, 3.79, -8.61, -0.17, 1.81, -0.01
-0.88, 3.50, -8.65, -0.13, 1.85, -0.01
-0.40, 3.41, -8.70, -0.11, 1.86, -0.01
0.14, 3.19, -8.66, -0.12, 1.85, -0.00
0.59, 3.04, -8.71, -0.14, 1.82, 0.00
0.69, 2.96, -8.76, -0.19, 1.83, 0.01
0.99, 2.90, -8.73, -0.20, 1.77, 0.02
1.28, 2.89, -8.80, -0.26, 1.74, 0.04
1.67, 2.83, -8.78, -0.30, 1.72, 0.07
1.81, 2.84, -8.66, -0.35, 1.62, 0.09
1.85, 2.99, -8.63, -0.39, 1.55, 0.10
1.70, 3.11, -8.52, -0.42, 1.58, 0.11
1.79, 3.07, -8.52, -0.45, 1.62, 0.13
1.85, 3.14, -8.44, -0.48, 1.62, 0.14
2.02, 3.10, -8.26, -0.52, 1.67, 0.17
2.27, 3.14, -8.17, -0.57, 1.75, 0.20
2.65, 3.18, -8.12, -0.62, 1.84, 0.24
3.06, 3.30, -7.87, -0.66, 1.88, 0.28
3.67, 3.54, -7.77, -0.69, 1.87, 0.31
4.22, 3.73, -7.63, -0.73, 1.83, 0.34
4.75, 3.90, -7.34, -0.73, 1.77, 0.35
5.14, 4.18, -7.30, -0.72, 1.67, 0.33
5.48, 4.37, -7.21, -0.70, 1.53, 0.31
5.74, 4.70, -7.13, -0.67, 1.44, 0.30
6.17, 4.80, -6.91, -0.64, 1.37, 0.29
6.40, 4.91, -6.85, -0.61, 1.25, 0.29
6.71, 5.04, -6.53, -0.60, 1.12, 0.31
7.04, 5.19, -6.39, -0.57, 1.03, 0.34
7.40, 5.42, -6.28, -0.53, 0.94, 0.36
7.64, 5.57, -6.27, -0.47, 0.80, 0.36
7.94, 5.61, -5.99, -0.40, 0.62, 0.34
8.03, 5.60, -5.97, -0.35, 0.46, 0.30
8.04, 5.53, -5.91, -0.30, 0.31, 0.27
8.01, 5.45, -5.76, -0.29, 0.18, 0.23
7.96, 5.42, -5.77, -0.26, 0.10, 0.20
7.92, 5.52, -5.74, -0.23, 0.04, 0.16
7.85, 5.58, -5.74, -0.19, -0.06, 0.11
7.94, 5.58, -5.82, -0.15, -0.12, 0.08
7.83, 5.54, -5.80, -0.10, -0.16, 0.03
7.77, 5.47, -5.84, -0.07, -0.21, 0.00
7.79, 5.47, -5.84, -0.05, -0.25, -0.02
7.81, 5.43, -5.86, -0.02, -0.30, -0.03
7.73, 5.47, -5.80, 0.01, -0.37, -0.03
7.77, 5.54, -5.92, 0.04, -0.43, -0.02
7.64, 5.48, -5.95, 0.08, -0.46, -0.02
7.69, 5.49, -6.00, 0.11, -0.51, -0.02
7.61, 5.48, -6.14, 0.15, -0.62, -0.03
7.35, 5.40, -6.09, 0.19, -0.70, -0.03
7.16, 5.28, -6.27, 0.23, -0.73, -0.04
6.96, 5.15, -6.29, 0.27, -0.72, -0.05
6.80, 4.94, -6.52, 0.29, -0.72, -0.09
6.72, 4.77, -6.62, 0.31, -0.77, -0.16
6.49, 4.59, -6.80, 0.31, -0.80, -0.23
6.40, 4.53, -7.04, 0.31, -0.79, -0.30
6.22, 4.47, -7.00, 0.30, -0.79, -0.34
6.24, 4.57, -7.16, 0.30, -0.88, -0.36
5.87, 4.54, -7.30, 0.31, -0.98, -0.37
5.69, 4.60, -7.42, 0.33, -1.00, -0.36
5.56, 4.57, -7.46, 0.35, -0.98, -0.33
5.41, 4.51, -7.47, 0.36, -1.05, -0.31
5.10, 4.49, -7.53, 0.36, -1.17, -0.27
4.82, 4.47, -7.67, 0.37, -1.25, -0.23
4.47, 4.37, -7.82, 0.38, -1.25, -0.19
4.35, 4.24, -7.96, 0.39, -1.21, -0.14
4.22, 4.10, -7.98, 0.38, -1.22, -0.09
4.07, 4.06, -8.03, 0.37, -1.31, -0.07
3.81, 4.07, -8.12, 0.36, -1.42, -0.04
3.55, 3.94, -8.17, 0.36, -1.44, -0.01
3.37, 3.84, -8.22, 0.35, -1.41, 0.01
3.22, 3.81, -8.39, 0.34, -1.45, 0.02
3.02, 3.69, -8.34, 0.31, -1.50, 0.03
3.01, 3.44, -8.26, 0.28, -1.50, 0.04
2.94, 3.45, -8.25, 0.23, -1.58, 0.02
2.43, 3.62, -8.23, 0.21, -1.78, -0.01
1.83, 3.71, -8.37, 0.23, -1.88, -0.03
1.33, 3.85, -8.47, 0.25, -1.83, -0.05
0.78, 3.75, -8.47, 0.30, -1.77, -0.06
0.44, 3.70, -8.69, 0.33, -1.72, -0.05
0.14, 3.41, -8.70, 0.36, -1.68, -0.04
-0.10, 3.31, -8.81, 0.36, -1.64, -0.02
-0.18, 3.22, -8.77, 0.35, -1.62, -0.00
-0.14, 3.13, -8.81, 0.33, -1.61, 0.01
-0.16, 3.00, -8.72, 0.30, -1.65, 0.00
-0.22, 2.93, -8.69, 0.26, -1.72, -0.03
-0.77, 2.71, -8.72, 0.23, -1.83, -0.08
-1.34, 2.60, -8.60, 0.20, -1.92, -0.15
-1.92, 2.50, -8.52, 0.14, -1.89, -0.20
-2.29, 2.62, -8.56, 0.09, -1.83, -0.22
-2.60, 2.86, -8.60, 0.09, -1.82, -0.23
-3.03, 2.91, -8.59, 0.09, -1.81, -0.24
-3.38, 2.66, -8.42, 0.09, -1.76, -0.25
-3.51, 2.51, -8.19, 0.07, -1.68, -0.24
-3.63, 2.75, -8.33, 0.04, -1.63, -0.23
-3.53, 2.73, -8.34, 0.06, -1.63, -0.21
-3.59, 2.67, -8.04, 0.07, -1.64, -0.17
-3.63, 2.49, -7.83, 0.06, -1.64, -0.11
-3.57, 2.63, -7.92, 0.08, -1.73, -0.04
-4.41, 2.60, -8.03, 0.10, -1.87, 0.05
-5.89, 2.25, -8.09, 0.10, -1.99, 0.11
-7.73, 2.12, -7.83, -0.03, -1.72, 0.19
-8.97, 1.97, -7.76, -0.13, -1.33, 0.25
-9.11, 2.31, -7.57, -0.25, -0.89, 0.26
-8.19, 3.11, -7.54, -0.25, -0.58, 0.22
-7.58, 3.27, -7.65, -0.23, -0.46, 0.13
-7.32, 3.13, -7.52, -0.21, -0.35, 0.05
-7.35, 3.09, -7.33, -0.21, -0.21, 0.01
-7.20, 3.18, -7.39, -0.22, -0.07, -0.02
-7.00, 3.41, -7.33, -0.20, 0.04, -0.04
-6.75, 3.44, -7.33, -0.19, 0.12, -0.06
-6.82, 3.31, -7.35, -0.19, 0.20, -0.06
-6.75, 3.31, -7.37, -0.20, 0.30, -0.06
-6.64, 3.37, -7.29, -0.20, 0.41, -0.06
-6.44, 3.47, -7.40, -0.19, 0.49, -0.05
-6.43, 3.52, -7.47, -0.18, 0.56, -0.03
-6.37, 3.48, -7.45, -0.16, 0.66, -0.01
-6.27, 3.53, -7.38, -0.15, 0.74, 0.01
-6.14, 3.51, -7.49, -0.14, 0.82, 0.02
-6.15, 3.41, -7.53, -0.13, 0.90, 0.03
-6.09, 3.38, -7.60, -0.13, 1.02, 0.05
-5.82, 3.30, -7.60, -0.13, 1.12, 0.06
-5.47, 3.20, -7.76, -0.13, 1.19, 0.08
-5.14, 3.17, -7.77, -0.13, 1.26, 0.09
-4.98, 3.18, -7.98, -0.15, 1.29, 0.09
-5.02, 3.25, -8.06, -0.15, 1.35, 0.08
-5.07, 3.32, -7.90, -0.14, 1.47, 0.07
-4.67, 3.31, -8.15, -0.13, 1.54, 0.07
-4.11, 3.29, -8.13, -0.12, 1.62, 0.07
-3.73, 3.24, -8.18, -0.11, 1.62, 0.07
-3.39, 3.24, -8.27, -0.12, 1.65, 0.06
-3.05, 3.23, -8.29, -0.12, 1.71, 0.04
-2.61, 3.24, -8.36, -0.12, 1.72, 0.03
-2.12, 3.02, -8.45, -0.14, 1.73, 0.03
-1.77, 2.88, -8.50, -0.19, 1.69, 0.02
-1.48, 2.84, -8.58, -0.26, 1.64, 0.00
-1.34, 3.01, -8.52, -0.32, 1.62, -0.02
-1.14, 3.22, -8.63, -0.35, 1.66, -0.02
-0.57, 3.50, -8.69, -0.36, 1.62, -0.00
-0.14, 3.68, -8.62, -0.34, 1.61, 0.01
-0.10, 3.92, -8.65, -0.30, 1.54, -0.00
-0.11, 4.03, -8.74, -0.25, 1.53, -0.04
0.19, 3.90, -8.64, -0.22, 1.56, -0.05
0.67, 3.67, -8.59, -0.27, 1.63, -0.01
1.18, 3.33, -8.72, -0.31, 1.49, 0.02
1.28, 3.38, -8.66, -0.37, 1.36, 0.04
1.03, 3.54, -8.56, -0.40, 1.32, 0.06
1.05, 3.69, -8.54, -0.45, 1.35, 0.08
1.10, 3.83, -8.50, -0.48, 1.37, 0.10
1.37, 3.92, -8.43, -0.51, 1.41, 0.14
1.56, 4.09, -8.33, -0.53, 1.44, 0.19
1.94, 4.28, -8.18, -0.55, 1.47, 0.24
2.21, 4.36, -8.13, -0.55, 1.47, 0.30
2.46, 4.37, -8.11, -0.54, 1.45, 0.34
2.62, 4.39, -7.98, -0.53, 1.43, 0.37
2.78, 4.50, -7.97, -0.53, 1.44, 0.41
3.30, 4.45, -7.93, -0.52, 1.52, 0.46
3.84, 4.49, -7.78, -0.53, 1.57, 0.51
4.45, 4.54, -7.64, -0.56, 1.48, 0.54
4.89, 4.63, -7.54, -0.57, 1.39, 0.57
5.27, 4.84, -7.44, -0.57, 1.33, 0.58
5.60, 5.07, -7.27, -0.55, 1.26, 0.57
6.00, 5.22, -7.20, -0.51, 1.19, 0.55
6.36, 5.33, -7.03, -0.47, 1.07, 0.52
6.56, 5.27, -6.87, -0.43, 0.90, 0.48
6.64, 5.29, -6.84, -0.39, 0.76, 0.44
6.67, 5.28, -6.76, -0.36, 0.70, 0.41
6.94, 5.26, -6.76, -0.34, 0.66, 0.39
7.15, 5.37, -6.54, -0.33, 0.59, 0.36
7.31, 5.45, -6.48, -0.31, 0.48, 0.32
7.40, 5.58, -6.42, -0.27, 0.35, 0.28
7.30, 5.68, -6.43, -0.24, 0.22, 0.23
7.26, 5.68, -6.41, -0.20, 0.17, 0.20
7.37, 5.57, -6.37, -0.16, 0.16, 0.17
7.38, 5.64, -6.31, -0.13, 0.11, 0.14
7.37, 5.65, -6.29, -0.10, -0.02, 0.10
7.31, 5.64, -6.30, -0.05, -0.09, 0.07
7.20, 5.70, -6.33, -0.00, -0.10, 0.04
7.18, 5.58, -6.39, 0.04, -0.16, 0.01
7.13, 5.57, -6.43, 0.08, -0.26, -0.02
6.89, 5.45, -6.40, 0.12, -0.34, -0.04
6.75, 5.38, -6.57, 0.15, -0.38, -0.06
6.60, 5.30, -6.68, 0.19, -0.37, -0.07
6.62, 5.32, -6.78, 0.22, -0.37, -0.07
6.64, 5.26, -6.74, 0.25, -0.46, -0.08
6.53, 5.14, -6.86, 0.27, -0.59, -0.09
6.28, 5.09, -6.87, 0.30, -0.64, -0.10
6.23, 5.09, -6.93, 0.33, -0.65, -0.10
5.98, 5.01, -7.11, 0.36, -0.69, -0.11
5.89, 4.93, -7.14, 0.40, -0.76, -0.12
5.60, 4.79, -7.22, 0.43, -0.82, -0.13
5.42, 4.67, -7.33, 0.45, -0.84, -0.15
5.18, 4.47, -7.41, 0.45, -0.85, -0.15
5.04, 4.28, -7.62, 0.45, -0.90, -0.15
4.82, 4.24, -7.58, 0.43, -0.94, -0.14
4.80, 4.33, -7.68, 0.42, -0.95, -0.12
4.72, 4.22, -7.78, 0.42, -0.98, -0.10
4.62, 4.22, -7.89, 0.41, -1.03, -0.08
4.55, 4.13, -7.90, 0.40, -1.10, -0.07
4.34, 4.26, -8.01, 0.42, -1.19, -0.06
4.14, 4.21, -8.01, 0.45, -1.25, -0.06
3.92, 4.17, -8.14, 0.48, -1.25, -0.07
3.75, 4.01, -8.16, 0.50, -1.27, -0.07
3.46, 3.86, -8.28, 0.51, -1.35, -0.09
2.95, 3.70, -8.34, 0.52, -1.43, -0.13
2.57, 3.66, -8.51, 0.52, -1.41, -0.16
2.25, 3.37, -8.49, 0.53, -1.33, -0.18
2.17, 3.16, -8.67, 0.50, -1.25, -0.18
2.12, 3.05, -8.71, 0.49, -1.28, -0.19
1.96, 2.83, -8.79, 0.47, -1.35, -0.20
1.66, 2.80, -8.99, 0.45, -1.42, -0.22
1.52, 2.68, -9.18, 0.42, -1.42, -0.22
1.13, 2.46, -9.17, 0.38, -1.37, -0.21
0.94, 2.47, -9.26, 0.32, -1.32, -0.19
0.77, 2.60, -9.21, 0.29, -1.31, -0.17
0.69, 2.69, -9.39, 0.25, -1.27, -0.14
0.68, 2.85, -9.22, 0.25, -1.25, -0.11
0.87, 2.84, -9.12, 0.25, -1.28, -0.10
0.89, 2.87, -9.16, 0.24, -1.34, -0.11
0.87, 2.79, -9.00, 0.25, -1.43, -0.13
0.62, 2.78, -8.99, 0.27, -1.52, -0.16
0.37, 2.74, -8.93, 0.27, -1.62, -0.18
0.01, 2.60, -8.90, 0.26, -1.70, -0.20
-0.30, 2.34, -8.77, 0.23, -1.72, -0.23
