-1.18, 3.00, -9.62, -0.49, 0.97, -3.41
-1.02, 2.86, -9.51, -0.47, 1.00, -3.45
-0.80, 2.87, -9.32, -0.50, 1.02, -3.48
-0.76, 2.89, -9.36, -0.49, 1.01, -3.50
-0.85, 3.07, -9.43, -0.50, 0.95, -3.54
-0.91, 3.25, -9.51, -0.45, 1.00, -3.56
-0.73, 3.22, -9.50, -0.40, 1.07, -3.54
-0.64, 3.09, -9.32, -0.38, 1.06, -3.57
-0.68, 3.11, -9.39, -0.35, 1.06, -3.66
-0.52, 2.99, -9.58, -0.33, 1.09, -3.74
-0.28, 2.73, -9.57, -0.30, 1.08, -3.74
0.03, 2.50, -9.49, -0.31, 0.99, -3.67
-0.17, 2.60, -9.46, -0.37, 0.87, -3.60
-0.44, 2.99, -9.64, -0.36, 0.89, -3.56
-0.35, 3.11, -9.64, -0.27, 0.97, -3.47
0.14, 2.89, -9.68, -0.20, 0.95, -3.32
0.41, 2.66, -9.62, -0.16, 0.80, -3.11
0.31, 2.82, -9.58, -0.14, 0.67, -2.89
-0.01, 2.93, -9.56, -0.08, 0.61, -2.67
-0.09, 2.70, -9.69, -0.01, 0.63, -2.43
0.36, 2.39, -9.82, 0.01, 0.67, -2.14
0.71, 1.98, -9.87, -0.00, 0.54, -1.85
0.34, 1.89, -9.87, -0.07, 0.27, -1.59
-0.32, 1.99, -9.86, -0.12, 0.19, -1.38
-0.41, 2.21, -9.88, -0.12, 0.36, -1.14
-0.09, 2.29, -10.08, -0.08, 0.44, -0.89
0.28, 2.17, -9.96, -0.06, 0.26, -0.66
0.03, 2.14, -10.05, -0.05, 0.07, -0.45
-0.17, 2.01, -9.93, -0.05, 0.06, -0.27
-0.21, 2.10, -9.95, -0.05, 0.14, -0.09
-0.09, 2.08, -9.88, -0.05, 0.13, 0.05
0.04, 2.15, -9.88, -0.04, 0.03, 0.17
-0.01, 2.15, -9.75, -0.03, -0.03, 0.28
-0.09, 2.24, -9.90, -0.02, -0.02, 0.36
0.12, 2.14, -9.84, 0.01, -0.00, 0.43
0.33, 2.16, -9.84, 0.03, -0.06, 0.49
0.57, 2.16, -9.99, 0.04, -0.17, 0.57
0.70, 2.16, -9.94, 0.05, -0.28, 0.70
0.34, 2.02, -9.87, 0.05, -0.43, 0.85
0.17, 2.04, -9.77, 0.04, -0.47, 1.00
0.15, 2.26, -9.90, 0.04, -0.37, 1.20
0.36, 2.34, -9.97, 0.07, -0.40, 1.46
0.40, 2.31, -9.88, 0.08, -0.60, 1.73
0.19, 2.37, -9.60, 0.10, -0.68, 1.99
-0.13, 2.28, -9.75, 0.11, -0.59, 2.19
-0.29, 2.32, -9.70, 0.10, -0.55, 2.32
-0.23, 2.64, -9.75, 0.13, -0.58, 2.45
-0.35, 2.66, -9.75, 0.19, -0.62, 2.61
-0.34, 2.41, -9.56, 0.23, -0.59, 2.78
-0.36, 2.46, -9.61, 0.26, -0.52, 2.92
-0.14, 2.28, -9.76, 0.26, -0.52, 3.02
0.16, 2.23, -9.78, 0.25, -0.59, 3.11
0.25, 2.12, -9.82, 0.22, -0.67, 3.19
0.34, 2.30, -9.77, 0.19, -0.76, 3.27
-0.01, 2.47, -9.62, 0.19, -0.86, 3.29
-0.12, 2.63, -9.59, 0.21, -0.90, 3.31
-0.15, 2.69, -9.59, 0.25, -0.87, 3.36
-0.24, 2.58, -9.63, 0.26, -0.92, 3.42
-0.37, 2.64, -9.52, 0.27, -1.01, 3.45
-0.70, 2.70, -9.53, 0.30, -1.00, 3.47
-0.67, 2.57, -9.56, 0.33, -0.92, 3.49
-0.42, 2.64, -9.54, 0.33, -0.89, 3.53
-0.36, 2.59, -9.64, 0.32, -1.00, 3.56
-0.75, 2.48, -9.63, 0.30, -1.14, 3.55
-1.13, 2.41, -9.39, 0.28, -1.13, 3.50
-1.35, 2.81, -9.44, 0.30, -1.00, 3.47
-1.20, 3.17, -9.47, 0.38, -0.88, 3.47
-1.18, 3.06, -9.54, 0.44, -0.93, 3.44
-1.73, 2.92, -9.50, 0.47, -1.01, 3.35
-2.34, 2.97, -9.44, 0.52, -0.88, 3.22
-2.53, 2.80, -9.39, 0.60, -0.60, 3.08
-2.25, 2.64, -9.41, 0.63, -0.41, 2.95
-1.78, 2.18, -9.55, 0.61, -0.38, 2.79
-1.60, 1.91, -9.69, 0.55, -0.42, 2.61
-1.44, 1.85, -9.80, 0.46, -0.39, 2.43
-1.28, 1.73, -9.62, 0.37, -0.31, 2.26
-0.91, 1.75, -9.55, 0.29, -0.34, 2.06
-1.24, 1.79, -9.74, 0.20, -0.40, 1.81
-1.39, 1.90, -9.84, 0.12, -0.37, 1.52
-1.42, 2.26, -9.74, 0.09, -0.19, 1.19
-1.07, 2.50, -9.67, 0.10, -0.08, 0.87
-0.88, 2.29, -9.84, 0.10, -0.12, 0.59
-0.94, 1.92, -9.86, 0.03, -0.21, 0.34
-1.19, 1.74, -9.75, -0.06, -0.20, 0.11
-1.35, 1.92, -9.72, -0.15, -0.12, -0.09
-1.21, 2.24, -9.68, -0.18, -0.02, -0.23
-1.15, 2.41, -9.69, -0.17, -0.01, -0.33
-1.15, 2.38, -9.70, -0.15, -0.04, -0.40
-1.32, 2.20, -9.66, -0.17, -0.01, -0.48
-1.47, 2.22, -9.69, -0.21, 0.08, -0.58
-1.50, 2.44, -9.73, -0.22, 0.16, -0.70
-1.38, 2.48, -9.64, -0.22, 0.19, -0.82
-1.48, 2.41, -9.58, -0.23, 0.21, -0.94
-1.73, 2.23, -9.67, -0.25, 0.26, -1.11
-1.59, 2.18, -9.54, -0.29, 0.35, -1.32
-1.57, 2.29, -9.56, -0.34, 0.42, -1.57
-1.33, 2.32, -9.74, -0.35, 0.43, -1.74
-1.41, 2.27, -9.64, -0.37, 0.41, -1.91
-1.50, 2.34, -9.52, -0.40, 0.42, -2.08
-1.64, 2.42, -9.67, -0.40, 0.49, -2.26
-1.65, 2.41, -9.60, -0.42, 0.55, -2.44
-1.53, 2.27, -9.57, -0.43, 0.60, -2.60
-1.49, 2.25, -9.56, -0.48, 0.58, -2.71
-1.59, 2.32, -9.63, -0.51, 0.57, -2.80
-1.61, 2.36, -9.55, -0.55, 0.60, -2.90
-1.67, 2.52, -9.52, -0.57, 0.67, -2.99
-1.47, 2.70, -9.43, -0.56, 0.72, -3.06
-1.83, 2.61, -9.44, -0.56, 0.72, -3.13
-1.66, 2.22, -9.43, -0.56, 0.76, -3.19
-1.58, 2.55, -9.38, -0.60, 0.73, -3.18
-1.55, 2.65, -9.48, -0.61, 0.67, -3.11
-2.07, 2.68, -9.45, -0.62, 0.70, -3.13
-2.19, 2.70, -9.43, -0.65, 0.88, -3.23
-1.48, 2.64, -9.44, -0.66, 1.00, -3.27
-1.38, 2.60, -9.39, -0.68, 0.84, -3.25
-1.81, 2.71, -9.27, -0.73, 0.75, -3.31
-1.87, 3.10, -9.25, -0.74, 0.98, -3.44
-1.33, 3.38, -9.28, -0.70, 1.14, -3.58
-0.80, 3.34, -9.38, -0.62, 1.01, -3.67
-0.75, 2.97, -9.44, -0.59, 0.83, -3.67
-1.16, 2.77, -9.22, -0.66, 0.80, -3.73
-1.58, 3.02, -9.33, -0.70, 0.95, -3.83
-0.72, 3.35, -9.35, -0.67, 1.09, -3.83
-0.23, 3.26, -9.30, -0.61, 0.97, -3.74
-0.61, 3.30, -9.23, -0.58, 0.67, -3.65
-1.39, 3.36, -9.39, -0.57, 0.65, -3.58
-1.22, 3.35, -9.30, -0.53, 0.92, -3.42
-0.60, 3.31, -9.43, -0.47, 1.02, -3.15
-0.40, 3.25, -9.20, -0.43, 0.75, -2.89
-1.09, 3.28, -9.47, -0.41, 0.53, -2.62
-1.13, 3.11, -9.54, -0.40, 0.70, -2.30
-0.41, 3.02, -9.66, -0.40, 0.93, -1.92
0.42, 3.27, -9.54, -0.40, 0.73, -1.58
-0.05, 3.18, -9.79, -0.42, 0.27, -1.28
-0.69, 3.32, -9.61, -0.44, 0.18, -0.96
-0.45, 3.68, -9.57, -0.39, 0.51, -0.63
0.10, 3.56, -9.69, -0.30, 0.55, -0.37
0.27, 3.60, -9.84, -0.26, 0.17, -0.18
-0.29, 3.59, -9.75, -0.21, -0.03, -0.04
-0.42, 3.65, -9.60, -0.15, 0.12, 0.11
-0.14, 3.92, -9.67, -0.05, 0.26, 0.24
0.45, 3.72, -9.74, 0.04, 0.11, 0.35
0.33, 3.56, -9.50, 0.08, -0.18, 0.45
-0.12, 3.64, -9.57, 0.11, -0.30, 0.53
-0.40, 3.62, -9.42, 0.19, -0.19, 0.64
-0.28, 3.66, -9.67, 0.27, -0.11, 0.77
-0.13, 3.46, -9.90, 0.35, -0.25, 0.93
-0.14, 2.97, -9.83, 0.38, -0.43, 1.15
-0.05, 2.64, -9.65, 0.36, -0.47, 1.43
0.16, 2.67, -9.71, 0.32, -0.51, 1.72
0.08, 2.86, -9.60, 0.29, -0.73, 2.03
-0.65, 3.33, -9.66, 0.32, -0.98, 2.37
-1.39, 3.46, -9.41, 0.41, -0.92, 2.73
-1.29, 3.39, -9.39, 0.47, -0.61, 3.00
-0.71, 3.13, -9.53, 0.47, -0.51, 3.14
-0.32, 3.07, -9.41, 0.44, -0.76, 3.18
-0.40, 3.12, -9.44, 0.43, -1.00, 3.22
-0.68, 3.06, -9.37, 0.44, -1.01, 3.28
-0.82, 3.31, -9.44, 0.46, -0.91, 3.29
-0.68, 3.45, -9.35, 0.48, -0.93, 3.21
-0.58, 3.45, -9.51, 0.54, -1.03, 3.04
-0.83, 3.08, -9.51, 0.57, -1.07, 2.87
-0.86, 2.66, -9.36, 0.54, -1.04, 2.74
-0.77, 2.54, -9.37, 0.48, -0.98, 2.65
-0.69, 2.60, -9.37, 0.42, -1.02, 2.56
-0.97, 2.60, -9.40, 0.38, -1.13, 2.46
-0.93, 2.71, -9.35, 0.37, -1.12, 2.45
-1.26, 2.70, -9.31, 0.36, -1.09, 2.48
-1.59, 2.86, -9.33, 0.38, -1.09, 2.53
-1.85, 2.89, -9.27, 0.42, -1.01, 2.56
-1.65, 2.86, -9.34, 0.46, -0.89, 2.59
-1.72, 2.80, -9.32, 0.48, -0.91, 2.63
-1.96, 2.69, -9.39, 0.47, -0.96, 2.64
-2.26, 2.47, -9.34, 0.47, -0.87, 2.64
-1.96, 2.46, -9.06, 0.45, -0.67, 2.66
-1.58, 2.72, -9.45, 0.44, -0.63, 2.70
-1.63, 2.77, -9.43, 0.44, -0.77, 2.74
-1.72, 2.56, -9.39, 0.43, -0.82, 2.79
-1.91, 2.73, -9.24, 0.43, -0.76, 2.91
-2.30, 2.90, -9.43, 0.48, -0.69, 3.05
-2.26, 2.62, -9.40, 0.50, -0.61, 3.15
-2.11, 2.37, -9.33, 0.45, -0.54, 3.20
-2.22, 2.41, -9.45, 0.41, -0.52, 3.24
-2.26, 2.35, -9.57, 0.35, -0.50, 3.24
-2.24, 2.33, -9.52, 0.29, -0.37, 3.16
-1.83, 2.76, -9.41, 0.24, -0.29, 3.01
-1.66, 3.09, -9.64, 0.28, -0.23, 2.77
-1.35, 3.01, -9.65, 0.31, -0.20, 2.47
-1.28, 2.68, -9.51, 0.31, -0.18, 2.11
-0.84, 2.70, -9.50, 0.23, -0.18, 1.74
-0.59, 2.84, -9.62, 0.18, -0.20, 1.37
-0.83, 2.92, -9.57, 0.14, -0.32, 1.00
-1.30, 2.83, -9.62, 0.09, -0.40, 0.67
-1.64, 2.65, -9.57, 0.04, -0.28, 0.40
-1.52, 2.77, -9.56, -0.03, -0.11, 0.18
-1.45, 3.14, -9.46, -0.05, -0.08, -0.01
-1.45, 3.24, -9.69, -0.05, -0.16, -0.16
-1.72, 3.10, -9.49, -0.03, -0.12, -0.27
-1.76, 2.92, -9.48, -0.03, -0.00, -0.36
-1.76, 2.87, -9.48, -0.07, 0.07, -0.45
-1.49, 3.04, -9.42, -0.10, 0.08, -0.53
-1.65, 3.40, -9.44, -0.09, 0.10, -0.62
-1.86, 3.48, -9.51, -0.06, 0.14, -0.78
-2.00, 3.20, -9.51, -0.05, 0.27, -1.00
-1.80, 3.01, -9.44, -0.07, 0.39, -1.27
-1.77, 2.97, -9.39, -0.08, 0.42, -1.55
-1.76, 2.82, -9.32, -0.12, 0.46, -1.79
-1.73, 2.63, -9.37, -0.18, 0.56, -2.06
-1.62, 2.71, -9.42, -0.25, 0.66, -2.32
-1.22, 2.81, -9.49, -0.29, 0.69, -2.53
-1.02, 2.71, -9.35, -0.33, 0.64, -2.69
-1.08, 2.46, -9.52, -0.38, 0.57, -2.79
-1.38, 2.46, -9.59, -0.43, 0.59, -2.86
-1.77, 2.43, -9.59, -0.51, 0.68, -2.93
-1.87, 2.41, -9.42, -0.57, 0.82, -3.05
-1.35, 2.64, -9.26, -0.60, 0.93, -3.13
-0.99, 2.89, -9.54, -0.60, 0.87, -3.14
-1.44, 2.79, -9.55, -0.58, 0.75, -3.17
-1.76, 2.59, -9.44, -0.60, 0.84, -3.26
-1.57, 2.54, -8.90, -0.67, 1.05, -3.43
-1.43, 2.38, -9.58, -0.76, 1.02, -3.59
-1.03, 2.60, -9.30, -0.82, 0.88, -3.68
-0.98, 3.18, -9.41, -0.80, 0.79, -3.64
-1.45, 3.25, -9.29, -0.74, 0.75, -3.55
-1.90, 3.14, -9.22, -0.72, 0.82, -3.53
-1.61, 3.07, -9.25, -0.72, 1.00, -3.55
-1.23, 3.07, -9.30, -0.71, 0.97, -3.52
-1.19, 3.28, -9.33, -0.70, 0.77, -3.50
-1.62, 3.54, -9.13, -0.66, 0.70, -3.50
-1.89, 3.86, -9.05, -0.57, 0.83, -3.49
-1.91, 3.86, -9.31, -0.47, 0.94, -3.48
-1.67, 3.68, -9.31, -0.36, 0.92, -3.44
-1.45, 3.45, -9.43, -0.29, 0.86, -3.36
-1.41, 3.28, -9.49, -0.25, 0.83, -3.25
-1.34, 3.04, -9.42, -0.23, 0.80, -3.11
-1.65, 2.94, -9.41, -0.23, 0.70, -2.95
-1.87, 2.99, -9.46, -0.21, 0.74, -2.78
-1.30, 2.72, -9.52, -0.18, 0.86, -2.55
-1.11, 2.45, -9.47, -0.19, 0.79, -2.31
-1.14, 2.52, -9.50, -0.22, 0.60, -2.10
-1.14, 2.57, -9.66, -0.22, 0.61, -1.88
-0.77, 2.42, -9.61, -0.22, 0.71, -1.63
-0.24, 2.45, -9.81, -0.24, 0.60, -1.37
-0.18, 2.42, -9.69, -0.28, 0.33, -1.12
-0.63, 2.66, -9.68, -0.32, 0.16, -0.90
-1.04, 3.06, -9.57, -0.30, 0.25, -0.67
-0.82, 3.30, -9.73, -0.23, 0.41, -0.47
-0.32, 3.33, -9.70, -0.13, 0.41, -0.30
0.09, 3.09, -9.83, -0.08, 0.23, -0.14
0.10, 2.96, -9.72, -0.06, 0.08, 0.01
0.05, 3.01, -9.66, -0.05, 0.04, 0.16
0.14, 3.13, -9.74, 0.01, 0.04, 0.29
0.33, 2.92, -9.75, 0.06, -0.02, 0.41
0.40, 2.98, -9.71, 0.09, -0.14, 0.54
0.30, 2.89, -9.74, 0.12, -0.25, 0.70
0.20, 2.78, -9.79, 0.15, -0.33, 0.87
0.02, 2.68, -9.73, 0.18, -0.39, 1.06
-0.01, 2.52, -9.77, 0.19, -0.45, 1.27
-0.06, 2.43, -9.72, 0.18, -0.53, 1.54
-0.29, 2.43, -9.65, 0.15, -0.66, 1.82
-0.62, 2.72, -9.67, 0.15, -0.70, 2.11
-0.61, 2.88, -9.57, 0.19, -0.61, 2.36
-0.31, 2.99, -9.62, 0.22, -0.56, 2.61
-0.23, 3.06, -9.66, 0.24, -0.71, 2.87
-0.30, 3.08, -9.57, 0.26, -0.93, 3.12
-0.97, 3.14, -9.41, 0.29, -0.99, 3.32
-1.08, 3.16, -9.40, 0.33, -0.87, 3.46
-1.21, 3.13, -9.47, 0.36, -0.81, 3.54
-0.92, 3.02, -9.41, 0.36, -0.86, 3.60
-0.96, 3.13, -9.37, 0.35, -0.91, 3.61
-0.89, 3.52, -9.49, 0.39, -0.90, 3.56
-0.62, 3.87, -9.35, 0.47, -0.93, 3.48
-0.67, 3.88, -9.39, 0.58, -1.12, 3.43
-1.06, 3.45, -9.27, 0.64, -1.27, 3.39
-1.45, 3.22, -9.19, 0.65, -1.20, 3.37
-1.32, 3.44, -9.23, 0.65, -1.10, 3.37
-1.38, 3.62, -9.28, 0.70, -1.16, 3.36
-1.58, 3.57, -9.22, 0.77, -1.28, 3.32
-1.88, 3.35, -9.15, 0.81, -1.22, 3.25
-2.04, 3.27, -9.09, 0.84, -1.12, 3.14
-2.10, 3.19, -9.16, 0.86, -1.11, 3.01
-2.25, 2.96, -9.24, 0.88, -1.12, 2.85
-2.60, 2.43, -9.22, 0.85, -1.07, 2.67
-2.48, 2.17, -9.25, 0.78, -0.95, 2.49
-2.63, 1.98, -9.30, 0.68, -0.88, 2.33
-2.55, 1.98, -9.47, 0.60, -0.85, 2.19
-2.69, 1.99, -9.39, 0.55, -0.76, 2.07
-2.58, 2.01, -9.50, 0.51, -0.65, 1.96
-2.42, 1.96, -9.39, 0.47, -0.54, 1.88
-2.28, 1.97, -9.40, 0.40, -0.57, 1.80
-2.53, 2.18, -9.31, 0.36, -0.55, 1.72
-2.85, 2.28, -9.38, 0.35, -0.46, 1.64
-2.90, 2.10, -9.51, 0.35, -0.31, 1.55
-2.78, 1.77, -9.58, 0.30, -0.20, 1.42
-2.53, 1.71, -9.43, 0.20, -0.15, 1.23
-2.49, 1.75, -9.50, 0.10, -0.12, 1.03
-2.40, 1.94, -9.41, 0.01, -0.06, 0.81
-2.35, 2.20, -9.47, -0.04, 0.01, 0.57
-2.21, 2.18, -9.45, -0.06, 0.06, 0.34
-2.27, 2.16, -9.42, -0.10, 0.06, 0.13
-2.28, 2.26, -9.39, -0.13, 0.12, -0.07
-2.10, 2.29, -9.35, -0.16, 0.19, -0.24
-2.00, 2.24, -9.48, -0.18, 0.22, -0.39
-2.02, 2.26, -9.51, -0.21, 0.21, -0.52
-2.17, 2.24, -9.54, -0.25, 0.22, -0.66
-2.18, 2.21, -9.51, -0.28, 0.27, -0.80
-2.28, 2.33, -9.44, -0.30, 0.32, -0.92
-2.29, 2.38, -9.50, -0.31, 0.35, -1.04
-2.29, 2.33, -9.62, -0.33, 0.40, -1.18
-2.23, 2.19, -9.51, -0.36, 0.45, -1.34
-2.07, 2.29, -9.38, -0.42, 0.49, -1.53
-1.89, 2.60, -9.43, -0.44, 0.50, -1.73
-1.74, 2.79, -9.36, -0.41, 0.49, -1.93
-1.77, 2.76, -9.50, -0.38, 0.49, -2.14
-1.78, 2.60, -9.52, -0.36, 0.51, -2.37
-1.76, 2.28, -9.50, -0.37, 0.51, -2.56
-1.67, 2.04, -9.53, -0.42, 0.48, -2.70
-1.82, 1.94, -9.38, -0.50, 0.47, -2.82
-2.03, 2.17, -9.66, -0.56, 0.47, -2.94
-1.92, 2.38, -9.50, -0.58, 0.47, -3.02
-1.98, 2.49, -9.56, -0.57, 0.47, -3.08
-2.51, 2.52, -9.70, -0.59, 0.47, -3.17
-2.44, 2.39, -9.46, -0.59, 0.54, -3.25
-2.36, 2.44, -9.37, -0.62, 0.61, -3.34
-2.47, 2.61, -9.47, -0.59, 0.64, -3.40
-2.53, 2.63, -9.32, -0.58, 0.64, -3.46
-2.60, 2.64, -9.41, -0.57, 0.74, -3.54
-2.31, 2.79, -9.37, -0.53, 0.88, -3.61
-1.97, 2.77, -9.41, -0.47, 0.90, -3.65
-1.74, 2.59, -9.41, -0.42, 0.81, -3.62
-1.67, 2.50, -9.47, -0.39, 0.77, -3.56
-1.87, 2.43, -9.47, -0.35, 0.78, -3.49
-2.02, 2.50, -9.48, -0.31, 0.81, -3.43
-1.69, 2.36, -9.54, -0.25, 0.89, -3.33
-1.23, 2.10, -9.62, -0.19, 0.90, -3.15
-0.93, 1.78, -9.68, -0.17, 0.77, -2.94
-1.03, 1.47, -9.61, -0.18, 0.63, -2.73
-1.33, 1.39, -9.53, -0.19, 0.67, -2.52
-1.07, 1.40, -9.58, -0.20, 0.78, -2.31
-0.71, 1.50, -9.84, -0.16, 0.79, -2.10
-0.30, 1.26, -9.82, -0.16, 0.63, -1.87
-0.22, 0.81, -9.96, -0.20, 0.52, -1.64
-0.37, 0.71, -10.00, -0.26, 0.48, -1.43
-0.57, 0.86, -9.94, -0.32, 0.42, -1.27
-0.41, 1.14, -9.96, -0.36, 0.40, -1.11
-0.34, 1.29, -9.85, -0.36, 0.42, -0.94
-0.37, 1.48, -9.89, -0.33, 0.36, -0.80
-0.73, 1.59, -9.88, -0.31, 0.26, -0.71
-0.85, 1.64, -9.75, -0.28, 0.31, -0.66
0.01, 1.43, -10.18, -0.23, 0.43, -0.58
-0.23, 1.44, -9.87, -0.21, 0.41, -0.53
-0.12, 1.40, -10.00, -0.24, 0.25, -0.46
-0.17, 1.46, -10.01, -0.24, 0.18, -0.38
-0.15, 1.53, -9.98, -0.24, 0.17, -0.27
-0.22, 1.57, -9.97, -0.22, 0.13, -0.15
-0.16, 1.71, -9.92, -0.20, 0.05, -0.03
-0.21, 1.66, -9.92, -0.17, 0.03, 0.09
-0.31, 1.65, -9.88, -0.16, 0.02, 0.21
-0.20, 1.79, -9.83, -0.14, -0.01, 0.30
-0.26, 1.81, -9.93, -0.12, -0.05, 0.40
-0.05, 1.87, -10.09, -0.09, -0.07, 0.51
0.17, 1.83, -9.99, -0.07, -0.12, 0.68
0.17, 1.77, -9.92, -0.06, -0.26, 0.88
-0.04, 1.73, -9.98, -0.06, -0.37, 1.11
0.04, 1.81, -9.78, -0.08, -0.35, 1.36
0.11, 2.15, -9.88, -0.06, -0.36, 1.64
0.03, 2.28, -9.99, -0.02, -0.54, 1.93
-0.24, 2.25, -9.89, 0.01, -0.63, 2.21
-0.13, 2.24, -9.74, 0.04, -0.53, 2.44
-0.01, 2.34, -9.81, 0.04, -0.52, 2.60
0.17, 2.66, -9.89, 0.07, -0.69, 2.75
0.12, 2.81, -9.71, 0.12, -0.87, 2.93
-0.38, 2.73, -9.63, 0.19, -0.90, 3.13
-0.72, 2.62, -9.64, 0.23, -0.81, 3.27
-0.62, 2.54, -9.57, 0.25, -0.74, 3.37
-0.36, 2.54, -9.54, 0.23, -0.80, 3.45
-0.26, 2.64, -9.61, 0.23, -0.89, 3.56
-0.38, 2.92, -9.67, 0.25, -0.98, 3.64
-0.67, 3.05, -9.60, 0.32, -0.98, 3.70
-0.90, 3.03, -9.51, 0.39, -0.94, 3.73
-0.56, 3.01, -9.46, 0.44, -0.90, 3.79
-0.66, 2.99, -9.66, 0.46, -1.00, 3.87
-0.85, 3.01, -9.39, 0.48, -1.11, 3.96
-1.14, 3.38, -9.32, 0.55, -1.12, 4.09
-1.45, 3.49, -9.43, 0.67, -1.01, 4.23
-1.54, 2.99, -9.43, 0.74, -0.95, 4.28
-1.63, 2.43, -9.73, 0.74, -0.95, 4.21
-1.92, 2.07, -9.34, 0.71, -0.84, 4.06
-1.80, 2.16, -9.42, 0.65, -0.73, 3.84
-1.70, 2.22, -9.51, 0.62, -0.68, 3.51
-1.76, 2.14, -9.60, 0.62, -0.64, 3.11
-1.92, 1.56, -9.66, 0.57, -0.60, 2.67
-2.01, 1.13, -9.65, 0.45, -0.52, 2.26
-1.76, 0.86, -9.62, 0.29, -0.39, 1.93
-2.01, 1.06, -9.77, 0.09, -0.35, 1.64
-1.44, 1.23, -9.53, 0.02, -0.38, 1.33
-1.80, 1.56, -9.82, -0.09, -0.42, 1.00
-2.36, 1.73, -9.33, -0.13, -0.34, 0.68
-2.28, 1.86, -9.56, -0.20, -0.16, 0.42
-2.08, 2.31, -9.67, -0.25, -0.07, 0.24
-1.73, 2.32, -9.62, -0.23, -0.10, 0.10
-2.28, 2.50, -9.71, -0.23, -0.18, -0.01
-2.38, 2.55, -9.55, -0.22, -0.11, -0.12
-2.40, 2.57, -9.67, -0.21, 0.11, -0.21
-2.26, 2.70, -9.47, -0.20, 0.15, -0.31
-1.96, 2.69, -9.36, -0.17, 0.12, -0.39
-1.87, 2.55, -9.60, -0.17, 0.15, -0.41
-1.64, 2.46, -9.68, -0.18, 0.20, -0.43
-1.65, 2.43, -9.60, -0.20, 0.18, -0.49
-1.52, 2.47, -9.50, -0.21, 0.15, -0.54
-1.58, 2.54, -9.53, -0.20, 0.21, -0.58
-1.65, 2.44, -9.60, -0.22, 0.24, -0.65
-1.59, 2.35, -9.46, -0.27, 0.25, -0.78
-1.55, 2.43, -9.45, -0.30, 0.27, -0.92
-1.54, 2.43, -9.64, -0.33, 0.28, -1.04
-1.42, 2.49, -9.57, -0.35, 0.32, -1.14
-1.50, 2.53, -9.69, -0.38, 0.33, -1.28
-1.76, 2.56, -9.48, -0.42, 0.32, -1.50
-1.65, 2.80, -9.36, -0.45, 0.40, -1.74
-1.35, 3.01, -9.36, -0.43, 0.52, -1.90
-1.16, 2.92, -9.38, -0.40, 0.52, -1.99
-1.24, 2.72, -9.57, -0.41, 0.48, -2.08
-1.26, 2.52, -9.58, -0.46, 0.50, -2.18
-1.43, 2.38, -9.66, -0.53, 0.56, -2.28
-1.28, 2.32, -9.45, -0.61, 0.57, -2.37
-1.16, 2.80, -9.51, -0.64, 0.60, -2.41
-1.65, 3.10, -9.59, -0.64, 0.56, -2.45
-2.38, 3.08, -9.62, -0.68, 0.57, -2.57
-2.34, 3.10, -9.30, -0.68, 0.82, -2.71
-2.11, 3.33, -9.30, -0.68, 1.00, -2.86
-2.00, 3.38, -9.21, -0.66, 1.02, -2.99
-1.95, 3.65, -9.20, -0.62, 1.06, -3.13
-1.67, 3.78, -9.18, -0.58, 1.18, -3.24
-1.48, 3.68, -9.26, -0.53, 1.23, -3.35
-1.60, 3.50, -9.23, -0.51, 1.22, -3.46
-1.58, 3.50, -9.02, -0.51, 1.24, -3.57
-1.47, 3.69, -9.13, -0.51, 1.33, -3.67
-1.27, 3.80, -9.11, -0.46, 1.37, -3.73
-0.99, 3.78, -9.30, -0.39, 1.32, -3.74
-0.98, 3.68, -9.14, -0.36, 1.23, -3.72
-1.20, 3.66, -9.12, -0.32, 1.23, -3.71
-1.06, 3.64, -9.42, -0.26, 1.32, -3.69
-0.37, 3.41, -9.39, -0.21, 1.33, -3.56
0.31, 3.24, -9.56, -0.15, 1.17, -3.35
0.45, 2.88, -9.60, -0.11, 0.87, -3.09
-0.28, 2.60, -9.67, -0.11, 0.63, -2.81
-0.64, 2.41, -9.65, -0.16, 0.66, -2.51
-0.19, 2.45, -9.82, -0.19, 0.81, -2.18
-0.09, 2.48, -9.58, -0.19, 0.65, -1.85
-0.25, 2.66, -9.65, -0.19, 0.44, -1.58
-0.68, 2.77, -9.81, -0.18, 0.48, -1.31
-0.17, 2.69, -9.73, -0.16, 0.61, -1.00
0.25, 2.88, -9.83, -0.16, 0.51, -0.70
0.82, 3.30, -9.90, -0.09, 0.32, -0.48
0.90, 3.23, -9.87, -0.02, 0.19, -0.27
0.75, 2.99, -9.81, 0.01, 0.10, -0.07
0.72, 2.90, -9.82, 0.04, 0.02, 0.09
0.83, 3.06, -9.75, 0.08, -0.04, 0.22
0.74, 3.13, -9.78, 0.14, -0.10, 0.31
-0.74, 3.00, -9.52, 0.21, -0.10, 0.42
0.67, 2.82, -9.90, 0.25, -0.22, 0.52
0.69, 2.60, -9.75, 0.26, -0.29, 0.65
0.77, 2.60, -9.79, 0.26, -0.37, 0.81
0.64, 2.52, -9.82, 0.26, -0.47, 0.98
0.53, 2.51, -9.74, 0.27, -0.54, 1.15
0.52, 2.54, -9.88, 0.29, -0.59, 1.35
0.34, 2.54, -9.84, 0.30, -0.69, 1.59
-0.21, 2.42, -9.67, 0.31, -0.79, 1.80
-0.59, 2.44, -9.66, 0.31, -0.73, 1.97
-0.67, 2.42, -9.68, 0.32, -0.59, 2.07
-0.51, 2.57, -9.76, 0.33, -0.59, 2.14
-0.19, 2.87, -9.76, 0.37, -0.70, 2.26
-0.55, 2.92, -9.63, 0.45, -0.86, 2.41
-1.12, 2.82, -9.47, 0.52, -0.88, 2.53
-1.30, 2.51, -9.64, 0.61, -0.69, 2.58
-1.51, 1.93, -9.59, 0.61, -0.59, 2.55
-1.49, 1.64, -9.68, 0.58, -0.64, 2.50
-1.52, 1.38, -9.80, 0.53, -0.65, 2.51
-0.56, 1.18, -9.65, 0.46, -0.57, 2.55
-1.43, 1.29, -9.70, 0.35, -0.55, 2.59
-1.29, 1.42, -9.70, 0.29, -0.54, 2.65
-1.01, 2.02, -9.60, 0.28, -0.54, 2.76
-1.12, 2.36, -9.70, 0.33, -0.64, 2.90
-1.28, 2.33, -9.50, 0.41, -0.68, 3.07
-1.03, 2.56, -9.46, 0.48, -0.60, 3.30
-0.90, 2.64, -9.48, 0.52, -0.62, 3.58
-0.93, 2.80, -9.69, 0.58, -0.77, 3.82
-1.48, 2.56, -9.59, 0.67, -0.83, 3.96
-1.68, 2.03, -9.60, 0.69, -0.71, 3.97
-1.68, 1.59, -9.60, 0.63, -0.61, 3.89
-1.22, 1.30, -9.97, 0.48, -0.66, 3.75
-1.27, 1.46, -9.45, 0.38, -0.75, 3.55
-1.22, 2.30, -9.67, 0.34, -0.81, 3.36
-1.70, 2.88, -9.55, 0.40, -0.84, 3.14
-2.19, 2.78, -9.68, 0.50, -0.75, 2.92
-2.44, 2.22, -9.61, 0.56, -0.52, 2.69
-2.29, 1.67, -9.70, 0.53, -0.28, 2.38
-1.71, 1.25, -9.77, 0.44, -0.20, 2.03
-1.22, 1.46, -9.69, 0.28, -0.28, 1.71
-1.22, 1.51, -9.81, 0.18, -0.35, 1.44
-1.67, 1.66, -9.90, 0.09, -0.37, 1.15
-1.95, 1.89, -9.76, 0.07, -0.25, 0.82
-2.06, 1.90, -9.66, 0.05, -0.07, 0.51
-1.84, 1.80, -9.74, 0.02, 0.00, 0.26
-1.66, 1.96, -9.75, -0.02, 0.00, 0.08
-1.76, 2.14, -9.68, -0.03, 0.03, -0.06
-1.64, 1.82, -9.81, -0.05, 0.14, -0.20
-1.64, 1.68, -9.79, -0.11, 0.17, -0.37
-1.43, 1.76, -9.75, -0.15, 0.19, -0.55
-1.31, 1.73, -9.69, -0.18, 0.22, -0.68
-1.37, 1.78, -9.77, -0.23, 0.21, -0.78
-1.66, 1.85, -9.71, -0.27, 0.22, -0.91
-1.83, 2.14, -9.78, -0.29, 0.29, -1.11
-1.75, 2.16, -9.53, -0.29, 0.42, -1.30
-1.52, 2.03, -9.63, -0.28, 0.50, -1.46
-1.32, 1.81, -9.61, -0.31, 0.46, -1.58
-1.47, 1.72, -9.67, -0.36, 0.41, -1.66
-1.71, 1.96, -9.79, -0.42, 0.46, -1.77
-1.70, 2.23, -9.76, -0.42, 0.65, -1.91
-1.35, 2.31, -9.56, -0.41, 0.72, -2.09
-1.00, 2.17, -9.58, -0.39, 0.67, -2.23
-1.13, 2.17, -9.74, -0.41, 0.57, -2.35
-1.54, 2.09, -9.67, -0.44, 0.63, -2.49
-1.54, 2.39, -9.60, -0.47, 0.78, -2.68
-1.42, 2.56, -9.62, -0.46, 0.85, -2.91
-1.08, 2.60, -9.63, -0.42, 0.84, -3.09
-1.10, 2.45, -9.48, -0.40, 0.77, -3.20
-1.44, 2.41, -9.53, -0.41, 0.81, -3.33
-1.33, 2.60, -9.47, -0.43, 0.95, -3.47
-1.24, 2.89, -9.52, -0.39, 0.96, -3.55
-1.39, 3.17, -9.42, -0.32, 0.90, -3.56
-1.46, 3.07, -9.42, -0.22, 1.00, -3.55
-1.23, 2.99, -9.40, -0.19, 1.21, -3.58
-0.69, 3.18, -9.55, -0.15, 1.27, -3.65
-0.45, 3.18, -9.52, -0.09, 1.06, -3.65
-0.30, 3.00, -9.43, 0.03, 1.02, -3.57
-0.58, 2.42, -9.47, 0.06, 1.16, -3.50
-0.08, 2.16, -9.58, 0.01, 1.30, -3.47
0.38, 2.04, -9.65, -0.07, 1.18, -3.41
0.39, 2.23, -9.53, -0.07, 0.99, -3.26
0.79, 2.30, -9.63, -0.05, 1.07, -3.03
1.64, 2.54, -9.73, 0.03, 1.20, -2.77
2.36, 2.36, -10.10, 0.05, 0.95, -2.53
2.98, 1.89, -10.09, 0.04, 0.60, -2.29
2.99, 1.54, -10.18, -0.05, 0.35, -1.99
2.65, 1.79, -10.32, -0.14, 0.13, -1.69
2.13, 2.31, -10.08, -0.20, -0.08, -1.44
1.76, 2.81, -10.01, -0.14, -0.15, -1.19
1.48, 2.93, -9.84, -0.03, -0.12, -0.93
1.44, 2.66, -10.03, 0.07, -0.15, -0.68
1.30, 2.30, -9.87, 0.09, -0.29, -0.45
0.94, 2.14, -9.81, 0.10, -0.42, -0.24
0.57, 2.12, -9.87, 0.13, -0.39, -0.06
0.34, 2.05, -9.60, 0.16, -0.31, 0.10
0.53, 1.66, -10.01, 0.17, -0.25, 0.27
0.68, 1.62, -10.05, 0.14, -0.33, 0.46
0.30, 1.70, -9.95, 0.10, -0.52, 0.67
-0.26, 1.84, -9.86, 0.13, -0.55, 0.88
-0.66, 1.68, -9.92, 0.15, -0.35, 1.08
-0.20, 1.39, -9.85, 0.15, -0.16, 1.26
0.34, 1.14, -10.04, 0.06, -0.26, 1.44
0.18, 1.50, -10.30, 0.02, -0.54, 1.66
-0.41, 1.81, -9.90, 0.01, -0.71, 1.91
-0.68, 2.00, -9.85, 0.09, -0.49, 2.16
-0.57, 2.00, -9.90, 0.13, -0.30, 2.34
-0.04, 1.82, -9.73, 0.16, -0.35, 2.48
0.16, 2.05, -9.95, 0.16, -0.57, 2.64
-0.19, 2.15, -9.91, 0.20, -0.73, 2.85
-0.73, 2.12, -9.78, 0.24, -0.76, 3.04
-1.02, 1.90, -9.61, 0.28, -0.61, 3.19
-0.85, 1.47, -9.78, 0.26, -0.45, 3.27
-0.55, 1.26, -9.87, 0.19, -0.44, 3.27
-0.33, 1.53, -9.70, 0.11, -0.61, 3.23
-0.29, 2.13, -9.77, 0.11, -0.69, 3.20
-0.28, 2.47, -9.77, 0.19, -0.64, 3.18
-0.22, 2.43, -9.67, 0.26, -0.70, 3.16
-0.61, 2.10, -9.67, 0.28, -0.79, 3.12
-0.65, 1.77, -9.69, 0.25, -0.75, 3.08
-0.65, 1.77, -9.65, 0.21, -0.63, 3.05
-0.63, 2.10, -9.85, 0.17, -0.67, 3.01
-0.92, 2.11, -9.66, 0.18, -0.69, 2.96
-0.90, 2.12, -9.79, 0.20, -0.58, 2.88
-0.95, 2.15, -9.72, 0.24, -0.50, 2.78
-0.64, 2.13, -9.68, 0.24, -0.47, 2.67
-0.30, 2.12, -9.75, 0.25, -0.48, 2.55
-0.45, 2.15, -9.82, 0.25, -0.58, 2.44
-0.88, 1.92, -10.00, 0.24, -0.69, 2.30
-0.93, 2.34, -9.59, 0.28, -0.55, 2.19
-0.51, 2.51, -9.67, 0.30, -0.42, 2.16
-0.89, 2.73, -9.85, 0.36, -0.53, 2.19
-1.38, 2.56, -9.78, 0.46, -0.60, 2.20
-1.53, 1.83, -9.68, 0.53, -0.31, 2.16
-1.53, 1.24, -9.89, 0.47, -0.09, 2.06
-1.20, 1.12, -9.74, 0.37, -0.10, 1.96
-0.73, 1.38, -9.84, 0.31, -0.16, 1.96
-1.17, 1.37, -9.82, 0.27, -0.23, 1.96
-1.58, 1.41, -9.86, 0.24, -0.16, 1.83
-1.37, 1.28, -9.84, 0.23, 0.07, 1.58
-1.07, 1.13, -9.86, 0.17, 0.15, 1.29
-0.75, 1.09, -9.85, 0.07, 0.04, 1.03
