-0.12, 1.16, -10.05, 0.01, -0.20, 0.95
-0.26, 1.07, -9.96, -0.03, -0.26, 1.11
-0.25, 1.29, -9.90, -0.04, -0.18, 1.28
0.02, 1.35, -10.00, -0.05, -0.10, 1.47
0.35, 1.35, -9.96, -0.05, -0.18, 1.67
0.40, 1.54, -10.03, -0.05, -0.37, 1.88
-0.11, 1.70, -10.00, -0.02, -0.44, 2.08
-0.22, 1.87, -9.82, 0.05, -0.32, 2.27
-0.17, 1.90, -9.88, 0.12, -0.24, 2.47
-0.25, 1.72, -9.98, 0.14, -0.36, 2.64
-0.42, 1.55, -9.93, 0.14, -0.39, 2.77
-0.10, 1.41, -9.86, 0.13, -0.22, 2.87
0.42, 1.62, -9.84, 0.14, -0.14, 2.94
0.89, 1.93, -10.05, 0.17, -0.35, 2.94
1.13, 2.22, -9.95, 0.24, -0.65, 2.98
0.40, 2.32, -9.68, 0.34, -0.87, 3.02
-0.34, 1.93, -9.82, 0.41, -0.88, 3.05
-0.90, 1.83, -9.55, 0.46, -0.77, 3.06
-0.61, 1.87, -9.62, 0.47, -0.67, 3.11
-0.54, 2.24, -9.75, 0.51, -0.72, 3.23
-0.88, 2.18, -9.68, 0.58, -0.91, 3.31
-1.49, 1.82, -9.84, 0.65, -0.92, 3.34
-1.41, 1.58, -9.51, 0.69, -0.73, 3.41
-1.18, 1.66, -9.71, 0.72, -0.63, 3.51
-0.89, 1.55, -9.78, 0.71, -0.79, 3.60
-1.22, 1.09, -9.79, 0.68, -1.01, 3.67
-1.79, 0.35, -9.90, 0.58, -0.98, 3.65
-2.06, 0.15, -9.77, 0.43, -0.78, 3.51
-1.94, 0.40, -9.28, 0.25, -0.75, 3.30
-2.37, 1.78, -9.80, 0.18, -0.82, 3.00
-2.82, 2.16, -9.54, 0.27, -0.76, 2.61
-3.62, 1.96, -9.62, 0.38, -0.55, 2.08
-3.43, 1.51, -9.52, 0.33, -0.24, 1.50
-3.47, 1.41, -9.67, 0.27, -0.13, 0.91
-3.27, 1.33, -9.73, 0.18, -0.13, 0.47
-2.81, 1.24, -9.65, 0.14, 0.09, 0.17
-2.38, 1.19, -9.56, 0.12, 0.20, -0.10
-2.23, 0.95, -9.53, 0.06, 0.14, -0.39
-2.36, 0.92, -9.91, 0.02, 0.15, -0.63
-2.26, 0.73, -9.67, -0.05, 0.30, -0.83
-2.25, 0.68, -9.77, -0.15, 0.41, -1.03
-1.88, 0.75, -9.72, -0.24, 0.43, -1.22
-1.82, 1.03, -9.61, -0.31, 0.42, -1.42
-1.97, 1.32, -9.60, -0.33, 0.45, -1.65
-1.81, 1.07, -9.76, -0.34, 0.64, -1.86
-1.41, 1.11, -9.87, -0.43, 0.69, -2.06
-1.16, 1.52, -9.77, -0.45, 0.57, -2.22
-0.60, 1.51, -9.65, -0.41, 0.58, -2.26
-0.30, 1.27, -9.78, -0.39, 0.59, -2.23
-0.55, 1.33, -9.78, -0.43, 0.41, -2.26
-0.63, 1.57, -9.70, -0.40, 0.33, -2.29
-0.56, 1.59, -9.70, -0.30, 0.42, -2.24
-0.89, 0.97, -9.77, -0.23, 0.36, -2.14
-1.41, 0.70, -9.80, -0.30, 0.28, -2.17
-1.92, 0.89, -9.72, -0.37, 0.44, -2.30
-1.87, 1.19, -9.59, -0.40, 0.63, -2.46
-1.72, 1.37, -9.93, -0.37, 0.73, -2.58
-1.55, 1.50, -9.84, -0.32, 0.80, -2.73
-1.71, 1.23, -9.57, -0.32, 0.89, -2.95
-1.34, 1.46, -9.54, -0.34, 1.07, -3.18
-0.61, 1.62, -9.70, -0.32, 1.15, -3.35
-0.02, 1.57, -9.97, -0.28, 1.05, -3.42
0.40, 1.18, -9.98, -0.29, 0.88, -3.44
0.40, 1.02, -10.02, -0.37, 0.77, -3.47
0.58, 1.24, -9.99, -0.44, 0.76, -3.47
0.75, 1.40, -9.94, -0.47, 0.69, -3.41
0.86, 1.62, -10.01, -0.46, 0.51, -3.32
0.90, 1.65, -10.02, -0.43, 0.39, -3.18
1.01, 1.50, -9.98, -0.42, 0.30, -3.01
0.92, 1.62, -9.95, -0.43, 0.16, -2.78
0.81, 1.98, -9.96, -0.39, 0.01, -2.49
0.60, 1.96, -10.06, -0.30, -0.10, -2.10
0.52, 1.60, -9.98, -0.24, -0.13, -1.68
0.45, 1.82, -9.84, -0.26, -0.18, -1.33
-0.21, 2.35, -9.80, -0.23, -0.26, -1.14
-0.87, 2.56, -9.82, -0.13, -0.26, -1.06
-0.97, 2.51, -9.76, -0.02, -0.02, -0.94
-0.37, 2.11, -9.81, 0.07, 0.21, -0.75
0.31, 1.81, -9.92, 0.10, 0.13, -0.54
0.46, 1.44, -9.94, 0.07, -0.14, -0.40
0.11, 1.39, -10.01, 0.02, -0.24, -0.29
-0.07, 1.46, -9.98, -0.02, -0.16, -0.20
0.00, 1.59, -10.07, -0.03, -0.10, -0.10
0.25, 1.62, -10.04, -0.03, -0.15, 0.03
0.37, 1.90, -9.96, -0.02, -0.31, 0.19
-0.17, 2.03, -9.88, 0.01, -0.42, 0.33
-0.70, 2.08, -9.90, 0.09, -0.35, 0.46
-0.82, 1.77, -9.91, 0.13, -0.17, 0.57
-0.60, 1.38, -9.92, 0.13, -0.09, 0.69
-0.42, 1.19, -9.88, 0.09, -0.16, 0.79
-0.29, 1.28, -9.84, 0.04, -0.24, 0.92
-0.35, 1.34, -9.98, 0.03, -0.26, 1.07
-0.36, 1.44, -10.00, 0.04, -0.23, 1.23
-0.28, 1.42, -10.09, 0.04, -0.19, 1.41
-0.04, 1.48, -10.17, 0.02, -0.24, 1.62
-0.00, 1.62, -10.01, 0.01, -0.41, 1.87
-0.27, 1.79, -9.92, 0.02, -0.55, 2.14
-0.42, 2.10, -9.71, 0.07, -0.52, 2.38
-0.65, 2.25, -9.76, 0.14, -0.48, 2.56
-0.59, 2.30, -9.79, 0.20, -0.50, 2.73
-0.60, 2.28, -9.81, 0.24, -0.59, 2.90
-0.81, 2.24, -9.68, 0.28, -0.64, 3.01
-0.93, 2.30, -9.68, 0.31, -0.59, 3.05
-0.68, 2.24, -9.70, 0.36, -0.50, 3.06
-0.43, 2.06, -9.74, 0.38, -0.57, 3.09
-0.49, 2.02, -9.79, 0.37, -0.77, 3.12
-0.72, 1.95, -9.69, 0.36, -0.89, 3.14
-1.07, 2.04, -9.67, 0.36, -0.85, 3.13
-1.23, 1.96, -9.64, 0.36, -0.82, 3.13
-1.39, 1.81, -9.73, 0.32, -0.86, 3.10
-1.31, 1.85, -9.46, 0.28, -0.85, 3.07
-1.49, 2.25, -9.52, 0.25, -0.87, 3.05
-2.16, 2.82, -9.44, 0.29, -0.99, 2.94
-2.89, 3.09, -9.56, 0.43, -0.85, 2.77
-3.05, 2.78, -9.61, 0.58, -0.49, 2.53
-2.71, 2.14, -9.51, 0.65, -0.26, 2.27
-2.00, 1.55, -9.45, 0.61, -0.25, 2.04
-1.63, 1.24, -9.65, 0.50, -0.32, 1.87
-1.68, 1.11, -9.62, 0.40, -0.33, 1.72
-1.63, 1.09, -9.65, 0.32, -0.28, 1.55
-1.48, 1.29, -9.65, 0.22, -0.24, 1.41
-1.31, 1.61, -9.78, 0.19, -0.21, 1.29
-1.30, 1.75, -9.85, 0.20, -0.23, 1.16
-1.74, 1.68, -9.68, 0.20, -0.26, 0.99
-1.73, 1.59, -9.58, 0.20, -0.11, 0.82
-1.55, 1.48, -9.61, 0.18, 0.06, 0.63
-1.50, 1.45, -9.81, 0.15, 0.03, 0.42
-1.42, 1.45, -9.77, 0.11, -0.02, 0.20
-1.68, 1.77, -9.80, 0.10, 0.05, -0.03
-1.88, 2.12, -9.85, 0.12, 0.15, -0.32
-1.67, 2.04, -9.61, 0.20, 0.27, -0.65
-1.47, 1.48, -9.77, 0.22, 0.37, -1.00
-1.28, 1.05, -9.86, 0.19, 0.39, -1.35
-1.56, 0.84, -9.84, 0.08, 0.35, -1.75
-1.86, 0.77, -9.79, -0.05, 0.44, -2.21
-1.82, 0.82, -9.57, -0.18, 0.63, -2.71
-1.64, 0.92, -9.76, -0.26, 0.74, -3.18
-1.60, 1.11, -9.69, -0.30, 0.73, -3.51
-1.67, 1.25, -9.44, -0.32, 0.78, -3.74
-1.13, 1.18, -9.73, -0.35, 1.02, -3.95
-0.76, 1.09, -9.81, -0.40, 1.05, -4.14
-0.78, 0.83, -9.92, -0.44, 0.78, -4.31
-0.63, 0.54, -9.79, -0.50, 0.68, -4.37
-1.20, 0.51, -9.43, -0.50, 0.93, -4.37
-0.96, 0.75, -10.08, -0.57, 1.11, -4.37
-0.48, 0.80, -9.65, -0.69, 0.90, -4.37
-0.16, 1.19, -9.84, -0.73, 0.72, -4.37
0.39, 1.53, -9.93, -0.69, 0.72, -4.10
-0.01, 1.43, -9.85, -0.64, 0.52, -3.77
-0.88, 1.12, -9.80, -0.76, 0.22, -3.48
-0.51, 1.88, -9.71, -0.82, 0.47, -3.09
0.32, 2.46, -9.84, -0.69, 0.73, -2.64
0.87, 3.01, -10.66, -0.48, 0.43, -2.21
0.28, 2.63, -9.63, -0.34, -0.19, -1.78
-0.70, 2.53, -9.89, -0.30, -0.20, -1.34
-0.63, 2.56, -9.65, -0.18, 0.41, -0.89
-0.11, 2.36, -9.65, -0.07, 0.56, -0.54
0.46, 2.02, -10.27, -0.02, 0.16, -0.27
0.56, 1.85, -9.96, -0.03, -0.09, 0.00
0.18, 2.07, -9.94, -0.05, -0.03, 0.25
0.02, 2.18, -9.84, -0.01, 0.06, 0.39
0.14, 2.06, -10.22, 0.04, 0.10, 0.45
0.86, 1.72, -9.85, 0.04, 0.09, 0.47
0.90, 2.18, -9.97, -0.04, -0.14, 0.53
0.60, 2.81, -9.92, 0.05, -0.37, 0.63
0.43, 2.28, -9.85, 0.21, -0.25, 0.78
0.70, 1.09, -9.98, 0.19, -0.08, 0.95
0.95, 0.70, -10.04, 0.03, -0.23, 1.12
1.21, 0.60, -10.27, -0.13, -0.46, 1.37
0.83, 1.35, -10.06, -0.33, -0.64, 1.73
0.48, 2.38, -9.71, -0.31, -0.68, 2.07
0.34, 2.89, -9.79, -0.16, -0.58, 2.33
0.27, 2.98, -10.05, -0.02, -0.48, 2.49
-0.18, 2.82, -9.48, 0.04, -0.65, 2.63
-0.05, 2.60, -9.55, 0.10, -0.65, 2.85
0.23, 2.32, -9.73, 0.18, -0.37, 3.16
0.11, 1.92, -9.85, 0.16, -0.51, 3.37
-0.26, 1.98, -9.72, 0.15, -0.79, 3.61
-0.48, 2.10, -9.79, 0.19, -0.74, 3.90
-0.51, 2.28, -9.82, 0.23, -0.45, 4.15
0.56, 2.29, -9.68, 0.23, -0.34, 4.29
1.38, 2.66, -9.74, 0.23, -0.62, 4.34
1.15, 3.29, -9.75, 0.29, -1.11, 4.33
0.28, 3.56, -9.59, 0.50, -1.33, 4.26
-0.57, 3.16, -9.45, 0.71, -1.18, 4.15
-0.70, 2.48, -9.35, 0.78, -0.92, 4.01
-0.41, 2.33, -9.43, 0.75, -0.92, 3.85
-0.47, 2.13, -9.69, 0.74, -1.13, 3.64
-1.24, 1.47, -9.98, 0.67, -1.24, 3.36
-1.16, 1.78, -9.54, 0.63, -1.08, 3.10
-1.57, 1.81, -9.84, 0.53, -0.87, 2.79
-1.72, 2.13, -9.50, 0.56, -0.86, 2.49
-2.03, 1.83, -9.77, 0.62, -0.92, 2.19
-2.07, 1.27, -9.73, 0.57, -0.74, 1.92
-2.18, 0.81, -9.50, 0.46, -0.51, 1.71
-1.87, 1.41, -9.69, 0.32, -0.48, 1.48
-1.95, 1.93, -9.87, 0.34, -0.54, 1.25
-2.45, 1.51, -9.79, 0.38, -0.54, 0.98
-2.83, 0.96, -9.87, 0.29, -0.37, 0.68
-2.76, 0.81, -9.80, 0.20, -0.12, 0.40
-2.34, 0.77, -9.87, 0.09, -0.01, 0.11
-1.90, 0.90, -9.81, 0.01, -0.01, -0.16
-1.86, 0.91, -9.79, -0.05, -0.07, -0.40
-1.88, 0.78, -9.80, -0.11, -0.04, -0.58
-2.07, 0.89, -9.84, -0.19, 0.03, -0.74
-1.88, 0.94, -9.65, -0.24, 0.09, -0.88
-1.94, 0.98, -9.71, -0.28, 0.14, -1.02
-2.15, 1.07, -9.79, -0.32, 0.17, -1.17
-2.15, 1.10, -9.70, -0.35, 0.27, -1.34
-1.92, 0.98, -9.68, -0.41, 0.38, -1.52
-1.66, 1.25, -9.70, -0.45, 0.37, -1.66
-1.58, 1.30, -9.80, -0.47, 0.30, -1.72
-1.75, 1.23, -9.60, -0.52, 0.34, -1.76
-1.96, 1.36, -9.78, -0.54, 0.46, -1.89
-1.78, 1.80, -9.79, -0.53, 0.56, -2.07
-1.37, 1.76, -9.72, -0.46, 0.62, -2.25
-1.03, 1.61, -9.73, -0.44, 0.58, -2.39
-1.06, 1.54, -9.74, -0.45, 0.51, -2.52
-1.17, 1.64, -9.57, -0.47, 0.47, -2.62
-1.36, 1.89, -9.57, -0.44, 0.54, -2.71
-1.40, 1.87, -9.83, -0.39, 0.66, -2.80
-1.33, 1.66, -9.67, -0.36, 0.70, -2.90
-1.18, 1.39, -9.73, -0.38, 0.67, -2.97
-1.08, 1.36, -9.83, -0.43, 0.67, -3.00
-1.11, 1.54, -9.75, -0.46, 0.68, -3.01
-1.20, 1.86, -9.58, -0.45, 0.68, -3.03
-0.99, 2.05, -9.72, -0.40, 0.72, -3.01
-0.86, 2.04, -10.02, -0.32, 0.70, -2.97
-0.84, 1.71, -9.79, -0.30, 0.62, -2.96
-0.81, 1.80, -9.98, -0.32, 0.66, -2.96
-0.79, 1.87, -9.74, -0.28, 0.75, -2.98
-0.67, 1.63, -9.70, -0.25, 0.74, -2.99
-0.46, 1.45, -9.90, -0.24, 0.72, -2.98
-0.40, 1.30, -9.73, -0.26, 0.69, -2.96
-0.53, 1.36, -9.68, -0.29, 0.66, -2.98
-0.53, 1.51, -9.65, -0.30, 0.70, -3.03
-0.45, 1.57, -9.80, -0.30, 0.76, -3.06
-0.34, 1.62, -9.65, -0.27, 0.74, -3.04
-0.45, 1.51, -9.61, -0.28, 0.70, -3.05
-0.42, 1.54, -9.58, -0.33, 0.82, -3.05
-0.02, 1.68, -9.71, -0.33, 0.96, -3.03
0.87, 1.89, -9.87, -0.32, 0.93, -2.93
1.59, 1.98, -10.10, -0.26, 0.74, -2.75
1.83, 1.99, -10.05, -0.22, 0.41, -2.51
1.53, 1.78, -9.94, -0.23, 0.19, -2.21
1.69, 2.03, -9.99, -0.23, 0.23, -1.89
1.78, 2.05, -9.99, -0.20, 0.20, -1.53
1.82, 2.26, -10.14, -0.18, -0.04, -1.26
1.55, 2.47, -10.12, -0.13, -0.22, -1.00
1.28, 2.55, -10.00, -0.04, -0.24, -0.73
1.22, 2.38, -9.84, 0.05, -0.23, -0.45
0.94, 2.17, -9.80, 0.09, -0.33, -0.16
0.44, 2.08, -9.84, 0.11, -0.44, 0.10
0.03, 1.96, -9.91, 0.11, -0.38, 0.34
0.08, 1.97, -9.89, 0.14, -0.20, 0.57
0.43, 1.97, -9.88, 0.17, -0.14, 0.78
0.65, 1.90, -10.13, 0.18, -0.28, 0.97
0.79, 1.75, -10.15, 0.17, -0.40, 1.18
0.89, 1.69, -9.94, 0.14, -0.46, 1.41
0.83, 1.93, -9.97, 0.13, -0.56, 1.63
0.58, 2.09, -9.91, 0.16, -0.68, 1.85
0.26, 2.07, -10.03, 0.20, -0.73, 2.12
-0.12, 1.87, -9.82, 0.22, -0.74, 2.40
-0.21, 1.81, -9.78, 0.21, -0.71, 2.68
-0.15, 1.96, -9.82, 0.21, -0.67, 2.95
-0.20, 2.08, -9.76, 0.23, -0.75, 3.21
-0.38, 2.13, -9.67, 0.26, -0.83, 3.44
-0.57, 2.06, -9.64, 0.30, -0.80, 3.61
-0.44, 2.09, -9.75, 0.33, -0.73, 3.76
-0.33, 2.11, -9.76, 0.35, -0.78, 3.88
-0.44, 2.19, -9.66, 0.36, -0.94, 3.95
-0.90, 2.15, -9.61, 0.39, -1.02, 4.00
-1.02, 2.16, -9.51, 0.43, -0.94, 4.04
-0.96, 2.38, -9.45, 0.44, -0.86, 4.10
-1.14, 2.49, -9.60, 0.49, -0.97, 4.15
-1.50, 2.37, -9.67, 0.53, -1.09, 4.17
-1.93, 2.32, -9.40, 0.58, -0.99, 4.15
-2.11, 2.42, -9.35, 0.62, -0.84, 4.12
-2.19, 2.50, -9.46, 0.68, -0.75, 4.09
-1.87, 2.41, -9.49, 0.72, -0.73, 4.10
-1.86, 2.21, -9.64, 0.72, -0.72, 4.07
-1.83, 2.26, -9.52, 0.72, -0.72, 4.00
-1.81, 2.35, -9.96, 0.77, -0.64, 3.89
-1.65, 2.25, -9.39, 0.82, -0.58, 3.73
-1.23, 1.94, -9.45, 0.85, -0.58, 3.65
-1.69, 1.81, -9.59, 0.84, -0.70, 3.52
-1.79, 1.63, -9.71, 0.80, -0.66, 3.35
-2.11, 1.48, -9.77, 0.76, -0.55, 3.12
-2.40, 1.30, -9.62, 0.71, -0.51, 2.81
-2.51, 1.32, -9.39, 0.65, -0.38, 2.49
-1.71, 1.38, -9.60, 0.60, -0.18, 2.28
-1.42, 1.05, -9.73, 0.51, -0.24, 2.08
-1.71, 0.72, -9.84, 0.39, -0.42, 1.84
-2.02, 0.68, -9.74, 0.26, -0.40, 1.59
-2.33, 1.03, -9.72, 0.18, -0.21, 1.36
-2.33, 1.35, -9.73, 0.14, -0.07, 1.14
-2.30, 1.31, -9.89, 0.13, -0.00, 0.92
-2.24, 1.04, -9.89, 0.07, 0.06, 0.64
-2.19, 1.12, -9.85, -0.02, 0.16, 0.32
-2.11, 1.37, -9.82, -0.09, 0.24, -0.04
-1.85, 1.52, -9.69, -0.10, 0.27, -0.40
-1.80, 1.32, -9.65, -0.12, 0.28, -0.72
-1.95, 1.06, -9.84, -0.20, 0.33, -1.03
-1.91, 1.31, -9.87, -0.27, 0.43, -1.35
-1.80, 1.34, -9.76, -0.29, 0.50, -1.68
-1.61, 1.16, -9.67, -0.32, 0.52, -1.96
-1.68, 0.92, -9.77, -0.41, 0.50, -2.23
-1.75, 1.01, -9.76, -0.51, 0.52, -2.47
-1.82, 1.41, -9.73, -0.57, 0.57, -2.71
-1.63, 1.57, -9.79, -0.59, 0.64, -2.92
-1.74, 1.60, -9.65, -0.62, 0.68, -3.15
-1.55, 1.56, -9.64, -0.65, 0.73, -3.39
-1.32, 1.72, -9.65, -0.68, 0.76, -3.59
-1.32, 1.77, -9.64, -0.68, 0.71, -3.73
-1.68, 1.74, -9.78, -0.73, 0.66, -3.83
-1.69, 1.95, -9.69, -0.77, 0.81, -3.95
-1.49, 2.38, -9.51, -0.76, 0.92, -4.07
-1.13, 2.59, -9.66, -0.71, 0.85, -4.15
-0.86, 2.65, -9.69, -0.65, 0.82, -4.13
-0.69, 2.54, -9.65, -0.58, 0.86, -4.06
-0.82, 2.55, -9.65, -0.55, 0.83, -4.08
-0.52, 2.59, -9.51, -0.54, 0.79, -4.14
-0.47, 2.52, -9.44, -0.48, 0.72, -4.09
-0.87, 2.52, -9.71, -0.44, 0.64, -3.96
-1.43, 2.36, -9.40, -0.42, 0.69, -3.83
-1.40, 2.38, -9.52, -0.42, 0.95, -3.80
-0.96, 2.45, -9.61, -0.41, 1.06, -3.81
-0.71, 2.36, -9.73, -0.41, 0.92, -3.76
-0.21, 2.49, -9.67, -0.39, 0.91, -3.64
0.12, 2.60, -9.56, -0.36, 0.96, -3.52
0.16, 2.50, -9.70, -0.33, 0.83, -3.44
-0.07, 2.43, -9.74, -0.32, 0.69, -3.35
-0.21, 2.29, -9.58, -0.32, 0.73, -3.21
-0.22, 2.45, -9.71, -0.32, 0.84, -3.08
0.17, 2.66, -9.93, -0.28, 0.93, -2.95
0.84, 2.70, -9.69, -0.21, 0.86, -2.76
1.02, 2.62, -9.82, -0.15, 0.66, -2.55
0.85, 2.51, -9.84, -0.12, 0.52, -2.32
0.91, 2.24, -9.75, -0.12, 0.50, -2.05
0.93, 2.17, -9.75, -0.14, 0.49, -1.76
1.02, 2.25, -9.92, -0.14, 0.42, -1.47
1.06, 2.27, -9.89, -0.13, 0.34, -1.18
1.07, 2.31, -9.87, -0.12, 0.32, -0.91
1.26, 2.37, -10.01, -0.09, 0.30, -0.64
1.40, 2.29, -9.97, -0.08, 0.20, -0.38
1.50, 2.38, -9.97, -0.07, 0.06, -0.15
1.13, 2.45, -10.02, -0.05, -0.05, 0.05
1.05, 2.52, -9.84, -0.02, -0.07, 0.22
1.03, 2.65, -9.79, 0.03, -0.06, 0.36
0.85, 2.74, -9.92, 0.09, -0.10, 0.45
0.85, 2.65, -9.83, 0.15, -0.18, 0.52
0.89, 2.54, -9.89, 0.18, -0.22, 0.58
1.03, 2.46, -10.03, 0.22, -0.25, 0.70
1.05, 2.43, -10.19, 0.26, -0.39, 0.87
0.92, 2.27, -10.06, 0.29, -0.54, 1.09
0.87, 1.92, -9.89, 0.29, -0.60, 1.33
0.80, 1.73, -9.76, 0.26, -0.61, 1.55
0.86, 1.86, -9.90, 0.22, -0.68, 1.76
0.72, 1.92, -9.97, 0.22, -0.86, 2.01
0.33, 1.87, -9.78, 0.22, -1.02, 2.29
-0.06, 1.79, -9.67, 0.20, -1.04, 2.58
-0.27, 1.91, -9.56, 0.19, -0.94, 2.80
-0.14, 2.13, -9.67, 0.18, -0.89, 3.01
-0.28, 2.29, -9.57, 0.19, -1.03, 3.19
-0.76, 2.21, -9.67, 0.20, -1.18, 3.35
-0.89, 2.32, -9.39, 0.22, -1.08, 3.48
-0.96, 2.47, -9.51, 0.24, -0.94, 3.59
-0.83, 2.51, -9.55, 0.26, -1.01, 3.66
-0.98, 2.66, -9.43, 0.28, -1.11, 3.71
-1.11, 2.99, -9.52, 0.35, -1.06, 3.74
-1.25, 3.01, -9.43, 0.45, -0.95, 3.78
-1.08, 2.94, -9.47, 0.52, -0.91, 3.81
-0.96, 2.74, -9.36, 0.56, -0.95, 3.83
-0.90, 2.67, -9.38, 0.56, -1.02, 3.85
-1.14, 2.94, -9.41, 0.57, -1.07, 3.86
-1.38, 3.17, -9.29, 0.65, -1.04, 3.84
-1.57, 3.16, -9.51, 0.72, -1.01, 3.79
-1.73, 2.79, -9.46, 0.78, -0.97, 3.69
-1.97, 2.38, -9.38, 0.79, -0.93, 3.53
-2.10, 2.25, -9.64, 0.76, -0.87, 3.34
-2.04, 1.85, -9.44, 0.73, -0.72, 3.18
-2.18, 1.73, -9.69, 0.64, -0.73, 2.97
-2.68, 1.50, -9.62, 0.56, -0.74, 2.71
-3.09, 1.46, -9.64, 0.45, -0.53, 2.39
-2.94, 1.58, -9.57, 0.37, -0.28, 2.02
-2.49, 1.68, -9.65, 0.30, -0.17, 1.65
-2.07, 1.88, -9.59, 0.27, -0.23, 1.32
-2.66, 1.80, -9.63, 0.25, -0.31, 0.98
-2.70, 1.68, -9.67, 0.25, -0.10, 0.64
-2.54, 1.44, -9.63, 0.20, 0.12, 0.34
-2.26, 1.23, -9.73, 0.13, 0.10, 0.06
-2.05, 1.13, -9.70, 0.05, 0.02, -0.15
-1.90, 1.21, -9.62, -0.04, 0.05, -0.29
-2.08, 1.49, -9.68, -0.09, 0.10, -0.46
-2.17, 1.62, -9.73, -0.09, 0.08, -0.66
-2.41, 1.57, -9.66, -0.10, 0.09, -0.82
-2.61, 1.59, -9.76, -0.14, 0.16, -0.94
-2.67, 1.75, -9.62, -0.16, 0.28, -1.07
-2.51, 1.83, -9.61, -0.17, 0.39, -1.22
-2.21, 1.76, -9.56, -0.16, 0.44, -1.38
-1.87, 1.58, -9.61, -0.17, 0.41, -1.51
-1.92, 1.45, -9.73, -0.21, 0.35, -1.61
-1.97, 1.58, -9.73, -0.25, 0.36, -1.68
-2.12, 1.67, -9.62, -0.27, 0.44, -1.80
-2.08, 1.70, -9.63, -0.29, 0.53, -2.01
-1.82, 1.58, -9.75, -0.30, 0.57, -2.22
-1.53, 1.37, -9.59, -0.33, 0.52, -2.37
-1.46, 1.33, -9.68, -0.40, 0.48, -2.38
-1.54, 1.42, -9.76, -0.49, 0.51, -2.40
-1.67, 1.68, -9.54, -0.59, 0.53, -2.52
-1.47, 2.20, -9.57, -0.60, 0.58, -2.71
-1.36, 2.59, -9.72, -0.53, 0.61, -2.87
-1.53, 2.50, -9.67, -0.42, 0.58, -3.00
-1.72, 2.19, -9.50, -0.37, 0.65, -3.13
-1.73, 2.21, -9.51, -0.33, 0.87, -3.30
-1.54, 2.14, -9.61, -0.32, 1.00, -3.52
-1.07, 2.35, -9.52, -0.29, 1.08, -3.83
-0.61, 2.39, -9.46, -0.26, 1.14, -4.18
-0.17, 2.33, -9.69, -0.21, 1.18, -4.37
0.42, 2.18, -9.63, -0.18, 1.14, -4.37
0.62, 2.10, -9.82, -0.16, 1.03, -4.37
0.68, 2.10, -9.83, -0.13, 0.91, -4.37
0.97, 2.19, -9.95, -0.08, 0.87, -4.37
1.21, 1.83, -10.01, 0.02, 0.79, -4.37
1.31, 1.53, -10.00, 0.11, 0.61, -4.26
1.32, 1.08, -9.99, 0.17, 0.40, -3.89
1.18, 0.53, -10.03, 0.17, 0.23, -3.44
0.68, 0.18, -9.92, 0.13, 0.11, -2.95
0.07, 0.00, -10.06, 0.04, 0.03, -2.47
-0.45, 0.10, -10.08, -0.04, 0.05, -1.97
-0.42, 0.30, -10.07, -0.10, 0.18, -1.46
-0.15, 0.41, -9.98, -0.12, 0.29, -0.98
-0.12, 0.43, -10.09, -0.14, 0.22, -0.53
0.19, 0.43, -10.13, -0.17, 0.15, -0.14
0.45, 0.60, -10.22, -0.19, 0.14, 0.19
0.51, 0.75, -10.21, -0.23, 0.05, 0.44
0.53, 1.07, -10.05, -0.23, -0.08, 0.65
0.50, 1.29, -10.01, -0.20, -0.13, 0.82
0.40, 1.57, -9.97, -0.15, -0.11, 0.95
0.42, 1.63, -9.97, -0.09, -0.13, 1.02
0.46, 1.60, -10.03, -0.03, -0.20, 1.05
0.53, 1.36, -9.92, 0.01, -0.28, 1.09
0.35, 1.13, -10.04, 0.00, -0.38, 1.17
0.15, 1.06, -9.97, -0.03, -0.43, 1.28
0.02, 1.11, -9.87, -0.04, -0.39, 1.36
0.09, 1.19, -9.91, -0.04, -0.35, 1.44
0.30, 1.29, -10.07, -0.02, -0.42, 1.57
0.26, 1.39, -10.10, -0.00, -0.57, 1.77
-0.00, 1.39, -9.86, -0.00, -0.71, 2.03
-0.64, 1.46, -9.77, -0.01, -0.70, 2.26
-0.60, 1.47, -9.62, 0.01, -0.47, 2.44
-0.15, 1.52, -9.81, 0.03, -0.33, 2.60
0.27, 1.61, -10.00, 0.05, -0.50, 2.79
0.33, 1.68, -10.01, 0.07, -0.75, 3.03
0.21, 1.97, -9.96, 0.09, -0.82, 3.31
-0.00, 2.28, -9.69, 0.15, -0.83, 3.59
-0.27, 2.46, -9.81, 0.22, -0.88, 3.77
-0.60, 2.44, -9.62, 0.33, -0.90, 3.87
-0.70, 2.30, -9.61, 0.42, -0.83, 3.94
-0.48, 2.04, -9.63, 0.46, -0.79, 4.01
-0.61, 2.12, -9.47, 0.47, -0.90, 4.01
-1.13, 2.49, -9.40, 0.53, -1.06, 3.94
-1.55, 2.68, -9.49, 0.64, -0.97, 3.81
-1.84, 2.46, -9.50, 0.72, -0.79, 3.64
-1.98, 2.11, -9.37, 0.74, -0.72, 3.45
-1.65, 1.65, -9.68, 0.73, -0.73, 3.26
-1.79, 1.29, -9.68, 0.64, -0.76, 3.08
-2.32, 1.14, -9.69, 0.54, -0.73, 2.87
-2.56, 1.07, -9.68, 0.47, -0.57, 2.61
-2.06, 1.09, -9.66, 0.41, -0.38, 2.35
-1.52, 1.00, -9.75, 0.34, -0.36, 2.12
-1.96, 0.91, -9.67, 0.23, -0.60, 1.88
-2.37, 1.11, -9.67, 0.15, -0.61, 1.60
-2.24, 1.38, -9.76, 0.13, -0.34, 1.31
-1.74, 1.68, -9.50, 0.10, -0.24, 1.06
-1.52, 1.76, -9.66, 0.10, -0.43, 0.84
-2.20, 1.75, -9.70, 0.08, -0.69, 0.62
-2.91, 1.81, -9.57, 0.11, -0.54, 0.39
-3.13, 1.94, -9.64, 0.15, -0.22, 0.13
-2.79, 1.65, -9.51, 0.18, -0.11, -0.10
-2.64, 1.38, -9.59, 0.15, -0.25, -0.26
-2.96, 1.21, -9.65, 0.10, -0.30, -0.35
-3.35, 0.92, -9.67, 0.03, -0.17, -0.41
-3.37, 1.00, -9.59, -0.03, 0.01, -0.48
-3.22, 0.94, -9.63, -0.07, 0.12, -0.57
-3.00, 0.93, -9.66, -0.13, 0.14, -0.65
-3.03, 0.91, -9.76, -0.20, 0.18, -0.76
-3.03, 1.04, -9.71, -0.27, 0.25, -0.90
-2.92, 1.17, -9.62, -0.33, 0.34, -1.08
-2.58, 1.30, -9.49, -0.36, 0.39, -1.24
-2.65, 1.29, -9.51, -0.38, 0.39, -1.39
-2.73, 1.34, -9.50, -0.41, 0.43, -1.54
-2.76, 1.38, -9.41, -0.45, 0.53, -1.71
-2.59, 1.37, -9.41, -0.48, 0.64, -1.95
-2.31, 1.47, -9.57, -0.50, 0.72, -2.20
-1.99, 1.30, -9.47, -0.51, 0.72, -2.42
-1.83, 1.20, -9.48, -0.56, 0.67, -2.61
-1.89, 1.18, -9.53, -0.63, 0.68, -2.76
-1.68, 1.52, -9.51, -0.67, 0.75, -2.87
-1.65, 1.65, -9.65, -0.66, 0.76, -2.90
-1.49, 1.60, -9.73, -0.65, 0.72, -2.85
-1.55, 1.64, -9.67, -0.65, 0.72, -2.82
-1.65, 1.80, -9.67, -0.66, 0.81, -2.88
-1.64, 1.85, -9.56, -0.67, 0.85, -3.01
-1.86, 1.91, -9.62, -0.67, 0.84, -3.16
-1.82, 2.14, -9.45, -0.66, 0.94, -3.30
-1.35, 2.32, -9.61, -0.60, 1.15, -3.45
-1.10, 2.23, -9.39, -0.54, 1.20, -3.63
-0.86, 2.01, -9.64, -0.51, 1.12, -3.76
-0.37, 1.87, -9.54, -0.51, 1.14, -3.79
0.09, 1.91, -9.59, -0.52, 1.14, -3.75
0.18, 2.11, -9.65, -0.52, 1.00, -3.69
0.23, 2.18, -9.75, -0.47, 0.82, -3.60
0.48, 2.25, -9.77, -0.42, 0.78, -3.41
0.89, 2.27, -10.00, -0.33, 0.75, -3.13
1.25, 2.17, -10.06, -0.25, 0.54, -2.77
1.27, 2.05, -10.05, -0.22, 0.25, -2.38
0.85, 1.89, -10.01, -0.20, 0.06, -1.97
0.71, 1.93, -9.90, -0.20, 0.03, -1.54
0.53, 1.92, -9.91, -0.18, 0.03, -1.16
0.42, 1.88, -10.06, -0.14, -0.09, -0.78
0.21, 1.96, -10.02, -0.10, -0.21, -0.41
-0.06, 1.81, -9.90, -0.09, -0.26, -0.07
-0.34, 1.88, -9.95, -0.09, -0.25, 0.24
-0.39, 2.09, -9.88, -0.07, -0.19, 0.49
-0.48, 2.22, -9.86, -0.03, -0.18, 0.66
-0.42, 2.29, -9.85, 0.01, -0.18, 0.79
-0.35, 2.32, -9.85, 0.06, -0.17, 0.88
-0.19, 2.42, -9.81, 0.09, -0.17, 0.93
0.08, 2.40, -9.90, 0.14, -0.20, 0.98
0.16, 2.22, -9.99, 0.18, -0.28, 1.07
-0.07, 2.10, -9.76, 0.17, -0.40, 1.16
-0.47, 2.05, -9.80, 0.18, -0.42, 1.23
-0.62, 2.04, -9.85, 0.18, -0.31, 1.28
-0.46, 1.92, -9.94, 0.20, -0.23, 1.35
-0.42, 1.77, -9.99, 0.21, -0.27, 1.44
-0.24, 1.53, -9.92, 0.21, -0.31, 1.55
-0.16, 1.47, -9.95, 0.17, -0.32, 1.69
0.04, 1.70, -9.97, 0.13, -0.35, 1.87
0.08, 2.04, -9.90, 0.14, -0.48, 2.10
-0.14, 2.28, -9.67, 0.17, -0.64, 2.35
-0.50, 2.36, -9.60, 0.27, -0.60, 2.60
-0.53, 2.15, -9.73, 0.37, -0.46, 2.86
-0.28, 1.89, -9.91, 0.37, -0.44, 3.11
0.07, 2.14, -9.81, 0.39, -0.54, 3.34
0.16, 2.29, -9.76, 0.45, -0.72, 3.53
0.02, 2.37, -9.63, 0.53, -0.84, 3.66
-0.34, 2.45, -9.53, 0.60, -0.93, 3.74
-0.72, 3.02, -9.28, 0.69, -1.02, 3.85
-1.56, 3.66, -9.09, 0.89, -1.08, 3.94
-2.19, 3.03, -9.21, 1.17, -0.89, 4.00
-2.27, 1.42, -9.57, 1.29, -0.60, 3.98
-1.93, -0.19, -9.78, 1.13, -0.49, 3.89
-1.35, -0.85, -10.15, 0.74, -0.48, 3.80
-0.62, -0.33, -9.61, 0.33, -0.60, 3.68
-0.95, 0.92, -9.99, 0.14, -0.86, 3.40
-2.24, 1.74, -10.00, 0.19, -0.95, 3.03
-3.11, 1.92, -9.66, 0.26, -0.71, 2.66
-3.01, 1.96, -9.38, 0.30, -0.30, 2.32
-1.70, 1.66, -9.67, 0.32, -0.01, 2.08
-1.95, 1.65, -9.75, 0.25, -0.36, 1.79
-2.52, 2.00, -9.76, 0.29, -0.64, 1.41
-2.70, 1.68, -9.40, 0.41, -0.18, 1.10
-2.20, 1.01, -9.64, 0.35, 0.16, 0.85
-2.10, 0.55, -9.91, 0.21, -0.07, 0.57
-2.24, 0.32, -9.86, 0.04, -0.30, 0.25
-2.21, 0.11, -9.73, -0.14, -0.08, -0.05
-2.18, 0.21, -9.73, -0.30, 0.09, -0.36
-2.39, 0.87, -9.63, -0.45, -0.05, -0.69
-2.33, 1.75, -9.57, -0.44, -0.03, -0.96
-2.80, 2.04, -9.74, -0.36, 0.11, -1.17
-2.86, 2.02, -9.63, -0.30, 0.28, -1.34
-2.28, 1.59, -9.50, -0.29, 0.44, -1.53
-2.06, 1.32, -9.67, -0.37, 0.42, -1.74
-2.18, 1.36, -9.62, -0.45, 0.29, -1.98
-2.34, 1.48, -9.69, -0.50, 0.33, -2.17
-2.60, 1.80, -9.59, -0.52, 0.51, -2.32
-2.63, 2.06, -9.57, -0.51, 0.69, -2.50
-2.24, 2.18, -9.44, -0.48, 0.81, -2.68
-1.71, 2.33, -9.51, -0.43, 0.86, -2.77
-1.27, 2.42, -9.50, -0.34, 0.81, -2.70
-1.45, 2.20, -9.90, -0.26, 0.73, -2.53
-1.68, 2.07, -9.59, -0.24, 0.80, -2.46
-1.20, 1.77, -9.51, -0.21, 1.02, -2.46
-0.33, 1.42, -9.69, -0.21, 1.06, -2.36
0.30, 0.94, -10.13, -0.31, 0.84, -2.15
0.57, 1.57, -9.82, -0.36, 0.59, -1.88
0.57, 1.96, -9.80, -0.24, 0.53, -1.63
0.59, 1.48, -9.81, -0.17, 0.56, -1.45
0.74, 1.38, -9.69, -0.20, 0.43, -1.34
0.47, 2.17, -9.96, -0.13, 0.20, -1.27
0.08, 2.56, -10.08, 0.08, 0.18, -1.23
0.07, 1.53, -9.72, 0.31, 0.31, -1.23
0.15, 0.29, -10.09, 0.20, 0.29, -1.21
0.29, -0.05, -10.10, 0.03, 0.13, -1.19
-0.10, 0.50, -10.08, -0.16, -0.08, -1.16
-0.52, 1.22, -9.99, -0.15, -0.05, -1.11
-0.60, 1.47, -9.84, -0.11, 0.11, -1.07
-0.30, 1.23, -10.12, -0.06, 0.22, -1.03
0.18, 0.73, -10.24, -0.09, 0.13, -0.93
