-5.11, 2.25, -7.84, 0.50, -2.25, -0.70
-5.88, 1.76, -7.81, 0.42, -2.08, -0.68
-6.43, 1.63, -7.77, 0.33, -1.88, -0.67
-6.86, 1.75, -7.65, 0.26, -1.68, -0.63
-7.23, 1.93, -7.80, 0.23, -1.49, -0.59
-7.52, 1.94, -7.80, 0.21, -1.31, -0.55
-7.74, 1.81, -7.74, 0.21, -1.13, -0.52
-8.10, 1.51, -7.75, 0.18, -0.97, -0.47
-8.28, 1.35, -7.75, 0.13, -0.79, -0.42
-8.43, 1.27, -7.76, 0.08, -0.61, -0.35
-8.35, 1.26, -7.59, 0.04, -0.45, -0.30
-8.35, 1.30, -7.65, 0.00, -0.31, -0.25
-8.32, 1.31, -7.55, -0.03, -0.18, -0.20
-8.36, 1.34, -7.46, -0.07, -0.05, -0.15
-8.23, 1.37, -7.57, -0.09, 0.08, -0.10
-7.98, 1.40, -7.50, -0.11, 0.20, -0.04
-7.78, 1.39, -7.55, -0.15, 0.29, -0.00
-7.52, 1.49, -7.57, -0.17, 0.37, 0.03
-7.33, 1.58, -7.55, -0.19, 0.45, 0.06
-7.17, 1.58, -7.50, -0.20, 0.52, 0.08
-7.07, 1.63, -7.59, -0.23, 0.59, 0.10
-6.95, 1.67, -7.71, -0.25, 0.66, 0.10
-6.84, 1.82, -7.74, -0.27, 0.72, 0.10
-6.91, 1.82, -7.82, -0.29, 0.81, 0.09
-6.92, 1.88, -7.84, -0.32, 0.92, 0.08
-6.75, 1.92, -7.93, -0.34, 1.04, 0.08
-6.59, 2.03, -7.96, -0.37, 1.15, 0.08
-6.32, 2.05, -7.99, -0.40, 1.25, 0.07
-6.18, 2.10, -8.01, -0.43, 1.34, 0.07
-6.15, 2.16, -8.26, -0.45, 1.46, 0.07
-5.95, 2.03, -8.11, -0.50, 1.62, 0.07
-5.57, 2.05, -7.97, -0.55, 1.68, 0.06
-5.28, 2.28, -8.14, -0.57, 1.81, 0.05
-5.02, 2.43, -8.07, -0.61, 1.96, 0.04
-4.44, 2.62, -8.04, -0.62, 2.10, 0.04
-3.88, 2.70, -7.90, -0.63, 2.21, 0.04
-2.89, 2.85, -7.80, -0.64, 2.28, 0.06
-2.13, 2.77, -7.84, -0.67, 2.32, 0.09
-1.24, 2.74, -7.96, -0.73, 2.30, 0.12
-0.61, 2.72, -8.07, -0.81, 2.26, 0.16
0.03, 3.13, -7.91, -0.86, 2.20, 0.18
0.46, 3.71, -7.92, -0.85, 2.12, 0.21
0.88, 4.16, -7.90, -0.79, 2.06, 0.23
1.10, 4.49, -8.05, -0.73, 2.00, 0.24
1.19, 4.33, -8.02, -0.67, 1.94, 0.24
1.19, 3.98, -7.93, -0.66, 1.91, 0.24
1.22, 3.78, -7.88, -0.69, 1.90, 0.25
1.36, 3.83, -7.92, -0.74, 1.92, 0.26
1.41, 3.78, -7.79, -0.79, 1.96, 0.28
1.58, 3.63, -7.61, -0.88, 2.02, 0.29
1.90, 3.45, -7.45, -0.98, 2.08, 0.28
2.49, 3.65, -7.24, -1.10, 2.15, 0.27
3.19, 4.67, -7.04, -1.18, 2.32, 0.26
3.97, 5.59, -6.82, -1.05, 2.31, 0.26
4.69, 6.37, -6.58, -0.92, 2.14, 0.22
5.05, 6.23, -6.48, -0.75, 1.99, 0.13
5.47, 5.89, -6.38, -0.65, 1.93, 0.04
6.02, 5.90, -6.39, -0.60, 1.88, -0.04
6.66, 6.04, -6.35, -0.58, 1.72, -0.08
7.11, 6.13, -6.24, -0.56, 1.49, -0.11
7.43, 6.18, -6.20, -0.55, 1.24, -0.11
7.57, 6.19, -6.05, -0.54, 1.01, -0.13
7.36, 6.25, -5.91, -0.55, 0.83, -0.15
7.10, 6.42, -5.85, -0.53, 0.65, -0.18
6.81, 6.64, -5.68, -0.52, 0.50, -0.18
6.53, 6.83, -5.82, -0.47, 0.46, -0.17
6.43, 6.97, -5.65, -0.41, 0.47, -0.15
6.50, 7.02, -5.61, -0.35, 0.42, -0.15
6.61, 6.98, -5.48, -0.31, 0.28, -0.15
6.34, 6.85, -5.63, -0.28, 0.16, -0.15
6.23, 6.79, -5.45, -0.25, 0.11, -0.14
6.03, 6.87, -5.40, -0.24, 0.13, -0.12
6.03, 6.90, -5.51, -0.22, 0.13, -0.09
6.14, 6.96, -5.39, -0.20, 0.08, -0.07
6.27, 6.96, -5.32, -0.18, 0.02, -0.05
6.22, 6.95, -5.43, -0.15, -0.07, -0.03
6.18, 6.96, -5.38, -0.13, -0.15, -0.01
6.13, 6.95, -5.48, -0.11, -0.20, 0.01
6.19, 7.13, -5.37, -0.09, -0.22, 0.04
6.17, 7.14, -5.41, -0.06, -0.27, 0.08
6.15, 7.16, -5.34, -0.03, -0.38, 0.10
6.11, 7.18, -5.47, 0.01, -0.47, 0.14
6.10, 7.11, -5.51, 0.05, -0.49, 0.16
6.05, 7.02, -5.47, 0.09, -0.52, 0.18
6.02, 6.95, -5.65, 0.13, -0.61, 0.19
5.91, 6.88, -5.59, 0.15, -0.70, 0.19
5.88, 6.92, -5.64, 0.19, -0.72, 0.19
5.80, 6.86, -5.74, 0.23, -0.72, 0.19
5.80, 6.82, -5.81, 0.26, -0.76, 0.18
5.82, 6.74, -5.89, 0.31, -0.86, 0.16
5.57, 6.57, -6.06, 0.36, -0.95, 0.13
5.41, 6.43, -6.14, 0.39, -0.98, 0.11
5.28, 6.31, -6.21, 0.42, -0.96, 0.08
5.21, 6.19, -6.33, 0.43, -1.00, 0.06
5.17, 6.18, -6.45, 0.44, -1.08, 0.03
4.88, 6.22, -6.52, 0.47, -1.14, -0.01
5.01, 6.18, -6.60, 0.51, -1.13, -0.04
4.73, 6.19, -6.77, 0.56, -1.15, -0.07
4.71, 6.11, -6.78, 0.61, -1.21, -0.11
4.42, 6.00, -7.02, 0.66, -1.29, -0.14
4.22, 5.77, -7.04, 0.69, -1.32, -0.14
4.06, 5.60, -7.22, 0.70, -1.28, -0.12
4.09, 5.50, -7.24, 0.73, -1.25, -0.09
4.02, 5.36, -7.36, 0.75, -1.32, -0.07
3.89, 5.12, -7.38, 0.77, -1.44, -0.07
3.62, 4.81, -7.63, 0.78, -1.55, -0.08
3.18, 4.53, -7.74, 0.77, -1.61, -0.08
2.85, 4.33, -7.81, 0.75, -1.61, -0.08
2.50, 4.20, -7.92, 0.71, -1.60, -0.06
2.21, 4.07, -8.09, 0.69, -1.62, -0.05
1.98, 4.03, -8.15, 0.67, -1.65, -0.02
1.71, 3.80, -8.28, 0.64, -1.67, -0.01
1.53, 3.61, -8.41, 0.61, -1.71, -0.00
1.16, 3.38, -8.39, 0.55, -1.75, -0.01
0.78, 3.30, -8.41, 0.51, -1.74, -0.01
0.70, 3.13, -8.53, 0.46, -1.74, -0.01
0.42, 3.10, -8.53, 0.41, -1.79, -0.03
0.04, 2.93, -8.58, 0.37, -1.86, -0.05
-0.55, 2.79, -8.69, 0.33, -1.92, -0.08
-1.37, 2.73, -8.64, 0.28, -1.92, -0.12
-1.98, 2.66, -8.83, 0.22, -1.85, -0.16
-2.79, 2.62, -8.90, 0.17, -1.76, -0.17
-3.66, 2.56, -8.97, 0.11, -1.66, -0.18
-4.71, 2.45, -9.02, 0.04, -1.50, -0.18
-5.29, 2.52, -9.10, -0.02, -1.24, -0.14
-5.78, 2.85, -9.09, -0.05, -0.94, -0.06
-5.71, 3.14, -9.12, -0.05, -0.67, 0.01
-5.54, 3.16, -9.07, -0.04, -0.44, 0.04
-5.28, 3.11, -9.05, -0.02, -0.25, 0.02
-4.92, 3.05, -9.07, -0.02, -0.11, -0.03
-4.71, 2.91, -9.02, -0.04, -0.02, -0.08
-4.66, 2.86, -8.96, -0.05, 0.08, -0.13
-4.50, 2.83, -8.89, -0.08, 0.17, -0.17
-4.38, 2.93, -8.92, -0.10, 0.23, -0.21
-4.13, 2.90, -8.94, -0.13, 0.28, -0.24
-4.00, 2.94, -8.88, -0.15, 0.31, -0.27
-4.01, 3.06, -8.92, -0.17, 0.35, -0.28
-4.07, 3.10, -8.82, -0.18, 0.39, -0.28
-3.86, 3.28, -8.87, -0.19, 0.44, -0.27
-3.80, 3.35, -8.87, -0.19, 0.48, -0.26
-3.73, 3.36, -8.86, -0.20, 0.52, -0.25
-3.61, 3.40, -8.85, -0.20, 0.56, -0.23
-3.51, 3.47, -8.86, -0.20, 0.60, -0.21
-3.33, 3.45, -8.91, -0.20, 0.64, -0.19
-3.30, 3.48, -8.91, -0.21, 0.68, -0.16
-3.31, 3.42, -8.93, -0.22, 0.73, -0.14
-3.14, 3.48, -8.91, -0.24, 0.79, -0.11
-2.89, 3.52, -8.89, -0.25, 0.84, -0.09
-2.76, 3.47, -8.95, -0.28, 0.89, -0.08
-2.60, 3.58, -8.89, -0.29, 0.94, -0.07
-2.35, 3.62, -8.91, -0.30, 1.00, -0.07
-2.20, 3.64, -8.90, -0.31, 1.05, -0.07
-2.00, 3.55, -8.90, -0.34, 1.09, -0.08
-1.93, 3.65, -8.82, -0.36, 1.15, -0.10
-1.55, 3.66, -8.83, -0.38, 1.22, -0.11
-1.31, 3.85, -8.81, -0.39, 1.28, -0.13
-0.91, 3.91, -8.73, -0.40, 1.31, -0.16
-0.71, 3.91, -8.78, -0.41, 1.33, -0.20
-0.67, 3.93, -8.75, -0.41, 1.38, -0.24
-0.51, 3.93, -8.66, -0.42, 1.46, -0.28
-0.29, 4.00, -8.64, -0.44, 1.56, -0.31
0.02, 3.97, -8.54, -0.45, 1.62, -0.33
0.52, 3.98, -8.34, -0.48, 1.69, -0.34
1.14, 4.16, -8.33, -0.50, 1.68, -0.33
1.63, 4.23, -8.23, -0.51, 1.69, -0.32
2.30, 4.30, -8.31, -0.54, 1.61, -0.30
2.72, 4.27, -8.15, -0.61, 1.64, -0.28
2.93, 4.27, -8.00, -0.60, 1.53, -0.27
3.05, 4.38, -8.05, -0.66, 1.34, -0.26
3.15, 4.56, -7.94, -0.70, 1.30, -0.22
3.36, 4.71, -7.79, -0.74, 1.29, -0.17
3.51, 4.77, -7.76, -0.80, 1.22, -0.11
3.56, 4.86, -7.62, -0.82, 1.15, -0.05
3.59, 5.08, -7.60, -0.85, 1.12, 0.00
3.65, 5.15, -7.53, -0.86, 1.09, 0.06
3.76, 5.42, -7.25, -0.85, 1.08, 0.10
3.85, 5.65, -7.09, -0.84, 1.07, 0.10
3.97, 5.88, -7.09, -0.83, 1.08, 0.08
4.36, 5.89, -7.01, -0.83, 1.09, 0.05
4.77, 6.00, -6.93, -0.87, 1.06, 0.01
4.99, 6.35, -6.61, -0.89, 0.93, -0.03
5.18, 6.69, -6.39, -0.85, 0.81, -0.04
5.40, 7.07, -6.19, -0.80, 0.79, -0.02
5.60, 7.45, -6.12, -0.69, 0.78, 0.01
5.98, 7.49, -5.91, -0.59, 0.69, 0.04
6.20, 7.40, -5.83, -0.52, 0.50, 0.05
6.36, 7.28, -5.79, -0.48, 0.29, 0.07
6.33, 7.32, -5.82, -0.45, 0.15, 0.09
6.19, 7.41, -5.77, -0.42, 0.04, 0.09
5.94, 7.45, -5.65, -0.37, -0.09, 0.08
5.87, 7.43, -5.69, -0.33, -0.20, 0.07
5.57, 7.37, -5.63, -0.30, -0.26, 0.06
5.36, 7.45, -5.64, -0.26, -0.29, 0.08
5.21, 7.51, -5.56, -0.24, -0.31, 0.11
5.20, 7.55, -5.68, -0.19, -0.35, 0.13
5.11, 7.55, -5.63, -0.15, -0.40, 0.15
4.84, 7.52, -5.68, -0.11, -0.46, 0.15
4.76, 7.47, -5.69, -0.06, -0.49, 0.16
4.58, 7.47, -5.78, -0.02, -0.46, 0.17
4.58, 7.45, -5.94, 0.02, -0.43, 0.18
4.74, 7.49, -5.97, 0.06, -0.44, 0.20
4.90, 7.46, -5.88, 0.10, -0.48, 0.19
5.00, 7.45, -5.83, 0.15, -0.56, 0.19
4.98, 7.50, -5.96, 0.21, -0.62, 0.17
4.99, 7.42, -6.07, 0.27, -0.66, 0.16
5.15, 7.38, -6.10, 0.32, -0.69, 0.15
5.20, 7.19, -6.05, 0.36, -0.78, 0.14
5.10, 6.96, -6.17, 0.39, -0.91, 0.11
4.95, 6.96, -6.32, 0.43, -1.04, 0.09
4.78, 6.85, -6.33, 0.47, -1.08, 0.07
4.75, 6.73, -6.36, 0.51, -1.11, 0.05
4.65, 6.50, -6.46, 0.54, -1.21, 0.03
4.48, 6.23, -6.57, 0.55, -1.37, -0.00
4.11, 6.13, -6.69, 0.54, -1.50, -0.03
3.69, 6.17, -6.84, 0.56, -1.53, -0.04
3.31, 6.12, -6.95, 0.59, -1.52, -0.03
3.10, 6.00, -6.95, 0.61, -1.52, -0.02
2.92, 5.82, -6.99, 0.62, -1.56, -0.02
2.69, 5.63, -7.23, 0.63, -1.61, -0.02
2.34, 5.45, -7.36, 0.62, -1.63, -0.02
2.05, 5.26, -7.52, 0.60, -1.63, -0.02
1.64, 5.15, -7.75, 0.58, -1.65, -0.02
1.26, 4.98, -7.72, 0.57, -1.65, -0.02
0.90, 4.90, -7.91, 0.54, -1.62, -0.03
0.36, 4.86, -8.13, 0.53, -1.57, -0.06
-0.26, 4.76, -8.27, 0.53, -1.51, -0.11
-0.78, 4.64, -8.27, 0.52, -1.39, -0.15
-0.97, 4.45, -8.40, 0.50, -1.24, -0.18
-1.05, 4.33, -8.59, 0.46, -1.11, -0.19
-0.96, 4.16, -8.60, 0.43, -1.01, -0.19
-1.04, 4.10, -8.66, 0.39, -0.94, -0.21
-1.29, 4.01, -8.76, 0.34, -0.89, -0.23
-1.41, 3.98, -8.74, 0.31, -0.82, -0.25
-1.42, 3.98, -8.83, 0.28, -0.74, -0.26
-1.39, 4.04, -8.72, 0.26, -0.69, -0.26
-1.13, 3.94, -8.77, 0.25, -0.66, -0.25
-0.98, 3.96, -8.74, 0.23, -0.68, -0.24
-0.88, 3.88, -8.87, 0.23, -0.70, -0.24
-0.62, 3.87, -8.74, 0.21, -0.73, -0.22
0.02, 4.02, -8.49, 0.19, -0.80, -0.19
0.80, 4.09, -8.23, 0.17, -0.93, -0.15
1.86, 4.24, -7.75, 0.13, -1.10, -0.09
2.69, 4.54, -7.33, 0.09, -1.27, -0.05
3.07, 5.00, -7.23, 0.25, -1.71, -0.08
2.55, 5.30, -6.71, 0.41, -2.39, -0.23
1.36, 5.22, -6.61, 0.69, -2.84, -0.41
-0.77, 4.22, -6.81, 0.82, -2.97, -0.61
-2.78, 2.83, -6.92, 0.84, -3.15, -0.81
-5.48, 1.23, -7.04, 0.67, -3.19, -0.98
-7.78, 0.19, -7.18, 0.38, -2.89, -1.05
-9.66, 0.01, -7.13, 0.04, -2.41, -0.99
-10.63, 1.18, -7.35, -0.20, -1.84, -0.85
-9.92, 2.61, -7.27, -0.23, -1.26, -0.68
-8.79, 3.23, -7.14, -0.12, -0.98, -0.59
-8.32, 3.36, -7.23, 0.00, -0.92, -0.55
-8.38, 2.70, -7.11, 0.04, -0.76, -0.48
-8.37, 2.26, -7.16, 0.02, -0.60, -0.39
-8.43, 2.18, -7.09, -0.04, -0.50, -0.30
-8.49, 2.30, -7.08, -0.07, -0.38, -0.20
-8.73, 2.11, -7.03, -0.13, -0.26, -0.11
-8.62, 2.11, -6.86, -0.18, -0.14, -0.02
-8.49, 2.15, -6.81, -0.23, -0.02, 0.05
-8.42, 2.34, -6.90, -0.26, 0.08, 0.11
-8.28, 2.45, -6.73, -0.27, 0.18, 0.14
-8.16, 2.51, -6.68, -0.28, 0.30, 0.16
-7.98, 2.47, -6.59, -0.29, 0.41, 0.15
-7.74, 2.58, -6.64, -0.32, 0.48, 0.14
-7.49, 2.66, -6.69, -0.34, 0.55, 0.11
-7.33, 2.76, -6.66, -0.36, 0.62, 0.09
-7.26, 2.73, -6.62, -0.38, 0.68, 0.07
-7.04, 2.88, -6.66, -0.40, 0.73, 0.06
-6.84, 3.04, -6.81, -0.42, 0.77, 0.05
-6.76, 3.25, -6.85, -0.43, 0.81, 0.04
-6.55, 3.41, -6.89, -0.42, 0.85, 0.04
-6.41, 3.54, -6.92, -0.42, 0.88, 0.04
-6.25, 3.67, -7.00, -0.40, 0.90, 0.04
-6.26, 3.74, -7.05, -0.39, 0.94, 0.05
-6.03, 3.83, -7.23, -0.37, 0.99, 0.07
-5.82, 3.80, -7.16, -0.36, 1.02, 0.08
-5.63, 3.76, -7.27, -0.35, 1.05, 0.10
-5.45, 3.87, -7.33, -0.35, 1.08, 0.12
-5.39, 3.90, -7.52, -0.34, 1.11, 0.14
-5.34, 3.90, -7.56, -0.34, 1.16, 0.15
-5.11, 4.02, -7.68, -0.32, 1.23, 0.16
-4.94, 3.99, -7.70, -0.31, 1.29, 0.16
-4.95, 3.89, -8.00, -0.30, 1.34, 0.16
-5.53, 3.79, -8.20, -0.31, 1.42, 0.16
-5.53, 3.72, -7.90, -0.32, 1.63, 0.15
-5.38, 3.80, -7.66, -0.31, 1.84, 0.15
-4.68, 3.90, -7.67, -0.29, 1.99, 0.13
-3.91, 3.77, -7.72, -0.31, 2.07, 0.10
-3.21, 3.68, -7.74, -0.36, 2.15, 0.06
-2.82, 3.59, -7.62, -0.42, 2.20, -0.01
-2.30, 3.85, -7.67, -0.47, 2.26, -0.07
-1.77, 3.96, -7.48, -0.51, 2.31, -0.10
-0.79, 4.08, -7.33, -0.54, 2.31, -0.08
-0.19, 4.12, -7.55, -0.58, 2.25, -0.02
0.57, 4.30, -7.55, -0.59, 2.17, 0.06
1.11, 4.48, -7.61, -0.62, 2.08, 0.15
1.74, 4.62, -7.73, -0.64, 1.97, 0.22
2.34, 4.63, -7.80, -0.69, 1.93, 0.28
2.62, 4.68, -7.99, -0.68, 1.73, 0.30
2.75, 4.55, -7.89, -0.70, 1.49, 0.30
2.48, 4.49, -7.87, -0.77, 1.36, 0.26
1.78, 4.41, -7.96, -0.81, 1.33, 0.23
1.10, 4.36, -7.88, -0.88, 1.41, 0.23
1.09, 4.44, -7.63, -0.94, 1.63, 0.25
1.49, 4.87, -7.24, -0.97, 1.71, 0.27
1.87, 5.26, -7.06, -0.97, 1.73, 0.27
2.12, 5.47, -6.81, -0.95, 1.78, 0.28
2.33, 5.55, -6.65, -0.94, 1.86, 0.28
2.84, 5.69, -6.42, -0.93, 1.93, 0.29
3.45, 5.97, -6.16, -0.96, 2.03, 0.30
4.29, 6.07, -6.07, -0.96, 2.05, 0.32
5.04, 6.39, -5.56, -0.95, 2.01, 0.34
5.79, 6.61, -5.52, -0.97, 1.91, 0.36
6.61, 6.95, -5.33, -0.97, 1.79, 0.38
7.50, 7.49, -5.22, -0.94, 1.61, 0.41
8.19, 8.14, -4.96, -0.85, 1.40, 0.44
8.55, 8.44, -4.82, -0.70, 1.05, 0.46
8.72, 8.64, -4.71, -0.57, 0.68, 0.45
8.57, 8.59, -4.78, -0.42, 0.41, 0.42
8.37, 8.31, -4.70, -0.28, 0.18, 0.36
7.99, 7.89, -4.66, -0.19, -0.02, 0.31
7.47, 7.51, -4.81, -0.13, -0.16, 0.26
7.19, 7.37, -4.81, -0.08, -0.20, 0.24
6.99, 7.18, -4.81, -0.06, -0.19, 0.22
6.89, 7.03, -4.95, -0.04, -0.26, 0.18
6.66, 6.92, -4.94, -0.03, -0.37, 0.14
6.48, 6.85, -5.14, -0.02, -0.42, 0.11
6.30, 6.84, -5.13, -0.01, -0.40, 0.10
6.25, 6.94, -5.15, -0.01, -0.42, 0.10
6.16, 6.97, -5.22, 0.01, -0.46, 0.09
6.21, 7.02, -5.22, 0.03, -0.48, 0.09
6.19, 7.11, -5.27, 0.06, -0.49, 0.08
6.31, 7.16, -5.30, 0.10, -0.53, 0.09
6.52, 7.15, -5.27, 0.14, -0.61, 0.10
6.58, 7.18, -5.30, 0.18, -0.73, 0.10
6.21, 7.11, -5.32, 0.23, -0.87, 0.09
6.04, 6.99, -5.47, 0.28, -0.94, 0.08
5.92, 6.97, -5.53, 0.33, -0.93, 0.09
6.01, 6.81, -5.59, 0.37, -0.93, 0.09
5.97, 6.65, -5.60, 0.41, -1.08, 0.08
5.50, 6.45, -5.82, 0.44, -1.29, 0.05
4.96, 6.28, -6.06, 0.46, -1.34, 0.03
4.45, 6.07, -6.31, 0.49, -1.25, 0.01
3.92, 5.86, -6.44, 0.50, -1.19, -0.01
3.63, 5.81, -6.58, 0.50, -1.12, -0.03
3.65, 5.77, -6.81, 0.51, -1.02, -0.04
3.69, 5.63, -6.97, 0.50, -0.95, -0.05
4.00, 5.61, -7.12, 0.49, -1.01, -0.06
3.87, 5.58, -7.12, 0.47, -1.10, -0.08
3.75, 5.47, -7.22, 0.46, -1.17, -0.08
3.42, 5.46, -7.31, 0.46, -1.21, -0.08
3.20, 5.53, -7.60, 0.46, -1.20, -0.08
3.02, 5.38, -7.55, 0.48, -1.15, -0.08
2.89, 5.22, -7.61, 0.47, -1.17, -0.08
2.58, 5.13, -7.81, 0.47, -1.21, -0.09
2.33, 4.96, -7.92, 0.46, -1.20, -0.11
1.98, 4.94, -8.03, 0.44, -1.17, -0.12
1.84, 4.77, -8.17, 0.42, -1.14, -0.12
1.53, 4.73, -8.28, 0.39, -1.11, -0.12
1.22, 4.60, -8.36, 0.35, -1.07, -0.13
1.00, 4.60, -8.45, 0.33, -1.02, -0.14
0.71, 4.65, -8.57, 0.31, -0.96, -0.14
0.54, 4.64, -8.63, 0.30, -0.89, -0.15
0.31, 4.49, -8.74, 0.28, -0.81, -0.16
0.20, 4.43, -8.85, 0.26, -0.74, -0.16
-0.03, 4.40, -8.85, 0.23, -0.65, -0.16
-0.11, 4.33, -8.91, 0.20, -0.56, -0.15
-0.06, 4.40, -8.91, 0.17, -0.48, -0.14
0.07, 4.45, -8.95, 0.15, -0.43, -0.13
0.27, 4.38, -8.96, 0.13, -0.40, -0.12
0.31, 4.43, -8.96, 0.12, -0.39, -0.11
0.41, 4.44, -8.92, 0.11, -0.39, -0.10
0.53, 4.49, -8.87, 0.11, -0.40, -0.09
0.73, 4.45, -8.98, 0.10, -0.41, -0.06
0.94, 4.57, -8.75, 0.10, -0.42, -0.03
1.35, 4.68, -8.68, 0.11, -0.47, -0.00
1.87, 4.83, -8.65, 0.13, -0.56, 0.01
2.31, 4.86, -8.34, 0.15, -0.69, 0.02
2.63, 5.06, -8.27, 0.22, -0.89, 0.02
2.87, 4.91, -8.10, 0.32, -1.21, -0.01
2.57, 4.76, -8.04, 0.41, -1.55, -0.05
2.06, 4.30, -8.07, 0.46, -1.80, -0.10
1.34, 3.88, -7.99, 0.47, -1.98, -0.14
0.31, 3.56, -7.99, 0.45, -2.11, -0.19
-0.49, 3.38, -8.03, 0.42, -2.16, -0.27
-1.68, 3.14, -8.27, 0.39, -2.18, -0.38
-2.60, 2.87, -8.21, 0.31, -2.08, -0.50
-3.46, 2.71, -8.26, 0.24, -1.94, -0.62
-3.97, 2.75, -8.44, 0.17, -1.79, -0.72
-4.44, 2.87, -8.43, 0.13, -1.64, -0.78
-4.75, 2.98, -8.51, 0.12, -1.52, -0.81
-4.98, 2.76, -8.03, 0.09, -1.41, -0.80
-5.09, 2.77, -7.60, 0.08, -1.31, -0.78
-5.28, 2.92, -7.82, 0.08, -1.26, -0.76
-5.80, 3.16, -8.12, 0.10, -1.25, -0.75
-6.67, 3.22, -8.34, 0.13, -1.16, -0.73
-7.44, 3.13, -8.39, 0.14, -0.98, -0.68
-7.91, 2.89, -8.38, 0.15, -0.76, -0.58
-8.27, 2.72, -8.28, 0.15, -0.52, -0.45
-8.28, 2.41, -8.17, 0.12, -0.28, -0.28
-8.00, 2.07, -8.14, 0.07, -0.08, -0.11
-7.63, 1.82, -7.99, -0.03, 0.08, 0.01
-7.19, 1.75, -8.04, -0.15, 0.20, 0.10
-6.95, 1.89, -8.10, -0.27, 0.28, 0.14
-7.00, 2.17, -7.65, -0.38, 0.39, 0.15
-6.95, 2.59, -7.50, -0.44, 0.53, 0.17
-6.75, 2.89, -7.61, -0.46, 0.65, 0.18
-6.73, 3.36, -7.81, -0.47, 0.76, 0.17
-6.76, 3.71, -7.87, -0.46, 0.88, 0.14
-6.59, 4.09, -7.76, -0.38, 1.04, 0.11
-6.23, 4.17, -7.79, -0.30, 1.15, 0.10
-5.68, 3.97, -7.82, -0.25, 1.20, 0.12
-5.36, 3.59, -7.97, -0.21, 1.24, 0.14
-4.99, 3.44, -8.02, -0.20, 1.29, 0.16
-4.67, 3.21, -8.01, -0.21, 1.34, 0.19
-4.13, 3.15, -8.10, -0.22, 1.40, 0.21
-3.96, 3.01, -8.27, -0.28, 1.41, 0.24
-3.60, 2.82, -8.06, -0.34, 1.46, 0.24
-3.28, 2.96, -7.88, -0.40, 1.52, 0.23
-2.92, 3.20, -8.25, -0.43, 1.54, 0.22
-2.83, 3.30, -8.40, -0.47, 1.57, 0.20
-2.77, 3.29, -8.37, -0.52, 1.63, 0.17
-2.93, 3.04, -8.42, -0.58, 1.67, 0.13
-3.19, 3.02, -8.48, -0.69, 1.82, 0.08
-3.19, 3.11, -8.15, -0.77, 2.00, 0.05
-3.08, 3.27, -7.80, -0.82, 2.20, 0.02
-2.84, 3.50, -7.83, -0.86, 2.37, 0.01
-2.07, 3.78, -7.71, -0.88, 2.53, 0.05
-0.88, 4.05, -7.47, -0.90, 2.63, 0.11
0.17, 4.18, -7.32, -0.90, 2.64, 0.17
1.05, 4.38, -7.14, -0.87, 2.59, 0.21
1.41, 4.16, -7.12, -0.89, 2.54, 0.23
1.91, 4.02, -6.77, -0.91, 2.52, 0.27
2.79, 4.14, -6.74, -0.95, 2.52, 0.34
3.75, 4.24, -6.69, -1.01, 2.52, 0.37
4.62, 4.40, -6.42, -1.03, 2.35, 0.42
5.27, 4.44, -6.24, -1.12, 2.11, 0.47
5.74, 4.63, -6.28, -1.23, 1.99, 0.51
6.32, 4.67, -6.06, -1.31, 1.90, 0.54
6.61, 5.18, -5.66, -1.38, 1.70, 0.55
6.87, 6.18, -5.30, -1.36, 1.42, 0.63
6.71, 6.73, -5.44, -1.28, 1.17, 0.78
5.96, 6.53, -5.28, -1.23, 0.99, 0.94
5.81, 6.75, -4.97, -1.20, 1.10, 1.08
6.24, 7.00, -4.72, -1.11, 1.33, 1.15
7.00, 7.30, -4.46, -1.03, 1.31, 1.09
7.42, 7.62, -4.44, -0.95, 1.08, 0.92
7.87, 8.02, -4.24, -0.80, 0.95, 0.72
8.26, 8.21, -4.15, -0.61, 0.89, 0.53
8.40, 8.16, -4.21, -0.43, 0.69, 0.35
8.28, 7.74, -4.37, -0.32, 0.48, 0.19
8.42, 7.64, -4.24, -0.25, 0.46, 0.09
8.67, 7.75, -4.22, -0.20, 0.45, 0.02
8.79, 7.85, -3.95, -0.12, 0.23, -0.05
8.70, 7.87, -4.00, -0.04, -0.04, -0.10
8.43, 7.74, -4.04, 0.04, -0.19, -0.11
8.20, 7.50, -4.03, 0.10, -0.25, -0.10
8.18, 7.35, -4.03, 0.13, -0.32, -0.07
8.55, 7.29, -3.94, 0.17, -0.43, -0.04
8.87, 7.15, -4.11, 0.18, -0.59, -0.03
9.01, 7.12, -4.04, 0.17, -0.95, -0.04
8.69, 7.26, -3.99, 0.18, -1.23, -0.05
8.35, 7.48, -4.15, 0.22, -1.36, -0.04
8.02, 7.70, -4.23, 0.28, -1.48, -0.05
7.35, 7.71, -4.35, 0.36, -1.73, -0.09
6.91, 7.91, -4.44, 0.46, -1.82, -0.11
6.56, 7.83, -4.52, 0.61, -1.71, -0.12
6.08, 7.87, -4.70, 0.74, -1.78, -0.13
5.53, 7.53, -4.75, 0.89, -1.99, -0.14
4.74, 6.94, -5.08, 1.01, -2.03, -0.12
4.19, 6.13, -5.43, 1.08, -1.88, -0.09
3.85, 5.47, -5.69, 1.07, -1.77, -0.06
3.76, 4.97, -6.20, 1.00, -1.78, -0.03
3.59, 4.70, -6.33, 0.89, -1.82, -0.01
3.37, 4.63, -6.77, 0.81, -1.85, 0.00
3.03, 4.60, -6.91, 0.75, -1.82, 0.01
2.64, 4.57, -7.24, 0.70, -1.75, 0.01
2.36, 4.45, -7.56, 0.67, -1.66, -0.00
2.24, 4.37, -7.76, 0.63, -1.58, -0.00
2.42, 4.40, -7.85, 0.61, -1.55, -0.01
2.34, 4.31, -7.92, 0.59, -1.58, -0.02
2.25, 4.15, -8.02, 0.58, -1.62, -0.04
2.16, 3.98, -8.07, 0.56, -1.61, -0.05
2.19, 3.92, -8.04, 0.53, -1.63, -0.07
2.07, 3.96, -8.16, 0.50, -1.71, -0.11
1.94, 3.98, -8.12, 0.52, -1.77, -0.14
1.82, 3.94, -8.04, 0.54, -1.82, -0.16
1.76, 3.72, -7.95, 0.53, -1.88, -0.17
2.08, 3.62, -7.73, 0.52, -2.01, -0.18
2.47, 3.85, -7.23, 0.51, -2.19, -0.18
3.04, 3.82, -6.80, 0.53, -2.40, -0.18
3.15, 3.91, -6.09, 0.53, -2.80, -0.22
2.00, 3.92, -6.15, 0.55, -3.47, -0.33
0.31, 4.15, -6.14, 0.63, -3.79, -0.46
-1.92, 3.55, -6.06, 0.64, -3.63, -0.61
-4.00, 2.78, -6.33, 0.62, -3.68, -0.84
-6.52, 2.04, -6.33, 0.57, -3.73, -1.07
-9.16, 1.23, -6.45, 0.46, -3.32, -1.20
-10.86, 1.15, -6.98, 0.31, -2.70, -1.15
-12.01, 1.45, -7.35, 0.18, -2.02, -0.99
-11.99, 1.73, -7.49, 0.10, -1.36, -0.81
-10.74, 2.17, -7.51, 0.08, -0.87, -0.63
-9.72, 2.19, -7.64, 0.10, -0.62, -0.53
-9.41, 1.93, -7.67, 0.09, -0.46, -0.47
-9.28, 1.63, -7.65, 0.03, -0.24, -0.39
-8.86, 1.59, -7.43, -0.00, -0.06, -0.29
-8.48, 1.73, -7.40, -0.01, 0.06, -0.20
-8.30, 1.79, -7.42, 0.00, 0.17, -0.11
-8.44, 1.49, -7.38, -0.01, 0.30, -0.02
-8.13, 1.34, -7.49, -0.04, 0.44, 0.04
-7.81, 1.39, -7.46, -0.07, 0.56, 0.08
-7.19, 1.32, -7.41, -0.10, 0.63, 0.10
-7.02, 1.32, -7.44, -0.13, 0.69, 0.10
-6.85, 1.40, -7.51, -0.14, 0.76, 0.09
-6.59, 1.52, -7.59, -0.16, 0.84, 0.08
-6.21, 1.49, -7.49, -0.19, 0.90, 0.05
-5.62, 1.69, -7.55, -0.22, 0.93, 0.02
-5.14, 1.97, -7.65, -0.24, 0.89, -0.01
-4.92, 2.21, -7.88, -0.25, 0.80, -0.03
-4.97, 2.26, -7.89, -0.29, 0.75, -0.06
-5.40, 2.31, -7.89, -0.32, 0.77, -0.07
-5.54, 2.36, -7.97, -0.35, 0.83, -0.06
-5.53, 2.41, -8.03, -0.37, 0.91, -0.06
-5.60, 2.45, -8.17, -0.40, 0.96, -0.08
-5.60, 2.52, -8.06, -0.44, 1.04, -0.10
-5.91, 2.55, -8.28, -0.46, 1.17, -0.11
-5.68, 2.45, -8.36, -0.48, 1.30, -0.11
-5.54, 2.40, -8.29, -0.52, 1.41, -0.11
-5.37, 2.40, -8.29, -0.58, 1.56, -0.12
-5.10, 2.49, -8.28, -0.62, 1.69, -0.12
-4.68, 2.56, -8.20, -0.66, 1.79, -0.13
-4.35, 2.64, -8.20, -0.71, 1.90, -0.13
-4.17, 2.71, -8.33, -0.75, 2.01, -0.14
-4.03, 2.83, -8.04, -0.80, 2.15, -0.16
-3.48, 3.13, -7.93, -0.82, 2.31, -0.18
-2.53, 3.51, -7.75, -0.80, 2.42, -0.19
-1.87, 3.65, -7.87, -0.75, 2.43, -0.21
-1.36, 3.62, -7.75, -0.74, 2.45, -0.26
-0.96, 3.70, -7.60, -0.74, 2.51, -0.32
-0.30, 3.91, -7.39, -0.71, 2.54, -0.41
0.42, 4.25, -7.45, -0.66, 2.54, -0.49
0.76, 4.27, -7.54, -0.62, 2.51, -0.60
0.99, 3.99, -7.63, -0.63, 2.49, -0.77
1.73, 3.83, -7.22, -0.69, 2.51, -0.91
3.14, 3.90, -7.13, -0.88, 2.64, -0.97
4.17, 4.17, -7.56, -0.89, 2.50, -0.95
4.80, 4.65, -7.45, -1.00, 1.96, -0.95
4.26, 4.97, -7.37, -1.07, 1.40, -0.96
3.39, 5.30, -7.46, -1.10, 1.29, -0.92
2.40, 5.27, -7.08, -1.19, 1.60, -0.86
2.78, 5.64, -6.79, -1.24, 1.62, -0.74
3.80, 6.26, -6.71, -1.30, 1.61, -0.55
4.52, 6.60, -6.88, -1.29, 1.49, -0.30
4.61, 6.78, -6.46, -1.30, 1.18, -0.04
4.49, 7.05, -6.33, -1.30, 1.00, 0.20
4.79, 7.35, -6.03, -1.22, 1.08, 0.40
4.97, 7.89, -5.94, -1.14, 1.06, 0.53
5.16, 7.54, -6.04, -1.06, 0.82, 0.56
5.11, 7.38, -5.77, -0.98, 0.72, 0.57
5.53, 7.67, -5.72, -0.91, 0.88, 0.56
6.02, 8.03, -5.44, -0.81, 0.90, 0.50
6.53, 8.26, -5.37, -0.71, 0.68, 0.41
6.79, 8.34, -5.38, -0.60, 0.44, 0.33
7.04, 8.24, -5.33, -0.51, 0.31, 0.29
7.04, 8.20, -5.23, -0.45, 0.14, 0.27
6.76, 8.25, -5.20, -0.39, -0.12, 0.25
6.24, 8.21, -5.16, -0.32, -0.25, 0.25
6.06, 8.20, -5.13, -0.25, -0.20, 0.26
6.16, 8.08, -5.15, -0.18, -0.12, 0.30
6.43, 7.99, -5.14, -0.14, -0.21, 0.33
6.43, 7.99, -5.09, -0.11, -0.40, 0.35
6.46, 8.01, -5.10, -0.07, -0.50, 0.36
6.29, 8.03, -5.20, -0.02, -0.56, 0.34
6.21, 8.06, -5.23, 0.03, -0.61, 0.31
6.35, 8.04, -5.18, 0.08, -0.64, 0.30
6.25, 8.03, -5.13, 0.14, -0.73, 0.30
6.16, 7.85, -5.28, 0.22, -0.88, 0.30
5.70, 7.78, -5.31, 0.29, -1.00, 0.29
5.60, 7.67, -5.44, 0.35, -1.01, 0.30
5.47, 7.59, -5.57, 0.42, -1.01, 0.30
5.42, 7.45, -5.62, 0.46, -1.11, 0.29
5.22, 7.29, -5.71, 0.53, -1.22, 0.26
5.21, 7.18, -5.87, 0.59, -1.24, 0.25
5.07, 6.96, -5.97, 0.65, -1.27, 0.25
4.83, 6.65, -6.05, 0.65, -1.45, 0.23
4.65, 6.36, -6.18, 0.67, -1.61, 0.22
4.38, 6.24, -6.22, 0.68, -1.59, 0.25
4.16, 6.35, -6.36, 0.68, -1.62, 0.25
3.84, 6.22, -6.44, 0.71, -1.79, 0.24
3.54, 6.05, -6.60, 0.73, -1.90, 0.24
3.39, 5.91, -6.76, 0.77, -1.86, 0.26
3.22, 5.64, -6.81, 0.77, -1.90, 0.25
2.79, 5.48, -6.91, 0.79, -2.11, 0.24
2.08, 5.08, -6.93, 0.81, -2.18, 0.22
1.91, 5.03, -7.20, 0.81, -2.10, 0.21
1.72, 4.80, -7.31, 0.81, -2.13, 0.18
1.72, 4.58, -7.47, 0.78, -2.21, 0.17
