-2.71, 4.89, -7.76, 0.31, -1.78, -0.34
-2.95, 4.84, -7.67, 0.32, -1.76, -0.34
-3.33, 4.74, -7.58, 0.32, -1.61, -0.31
-3.39, 4.75, -7.54, 0.31, -1.48, -0.28
-3.38, 4.78, -7.53, 0.33, -1.37, -0.25
-3.35, 4.75, -7.47, 0.35, -1.37, -0.28
-3.48, 4.62, -7.52, 0.38, -1.48, -0.33
-3.91, 4.48, -7.54, 0.40, -1.59, -0.38
-4.31, 4.41, -7.39, 0.44, -1.63, -0.41
-4.76, 4.33, -7.38, 0.45, -1.54, -0.40
-5.02, 4.15, -7.32, 0.46, -1.35, -0.35
-5.26, 3.96, -7.42, 0.45, -1.20, -0.31
-5.43, 3.78, -7.55, 0.45, -1.18, -0.32
-5.99, 3.63, -7.51, 0.44, -1.27, -0.37
-6.30, 3.35, -7.40, 0.43, -1.28, -0.38
-6.80, 3.16, -7.35, 0.38, -1.13, -0.34
-7.01, 2.98, -7.32, 0.31, -0.87, -0.26
-7.20, 2.88, -7.28, 0.23, -0.62, -0.17
-7.32, 2.82, -7.37, 0.15, -0.43, -0.11
-7.35, 2.84, -7.28, 0.10, -0.31, -0.07
-7.35, 2.85, -7.28, 0.05, -0.19, -0.03
-7.09, 2.89, -7.28, -0.01, 0.02, 0.05
-6.82, 2.83, -7.31, -0.08, 0.25, 0.15
-6.81, 2.91, -7.29, -0.14, 0.32, 0.20
-6.85, 3.01, -7.41, -0.16, 0.26, 0.18
-6.62, 3.06, -7.23, -0.19, 0.31, 0.20
-6.46, 3.29, -7.16, -0.24, 0.56, 0.29
-6.24, 3.36, -7.15, -0.28, 0.76, 0.36
-6.13, 3.49, -7.42, -0.29, 0.79, 0.36
-6.00, 3.62, -7.37, -0.29, 0.73, 0.32
-5.89, 3.64, -7.36, -0.29, 0.74, 0.30
-5.75, 3.77, -7.44, -0.31, 0.87, 0.32
-5.44, 3.84, -7.38, -0.33, 1.05, 0.36
-5.24, 3.92, -7.43, -0.34, 1.15, 0.37
-5.18, 4.07, -7.57, -0.33, 1.13, 0.33
-4.93, 4.10, -7.68, -0.31, 1.11, 0.28
-4.67, 4.24, -7.63, -0.31, 1.20, 0.29
-4.38, 4.28, -7.67, -0.33, 1.34, 0.30
-4.18, 4.33, -7.63, -0.32, 1.38, 0.29
-4.06, 4.38, -7.73, -0.30, 1.34, 0.25
-3.91, 4.27, -7.85, -0.29, 1.32, 0.20
-3.69, 4.48, -7.79, -0.30, 1.39, 0.17
-3.41, 4.56, -7.83, -0.30, 1.54, 0.19
-2.99, 4.59, -7.87, -0.31, 1.62, 0.20
-2.70, 4.53, -8.00, -0.30, 1.61, 0.17
-2.43, 4.50, -7.95, -0.28, 1.53, 0.12
-2.23, 4.49, -7.91, -0.28, 1.45, 0.09
-2.15, 4.64, -7.95, -0.30, 1.48, 0.12
-1.83, 4.66, -8.11, -0.30, 1.62, 0.18
-1.61, 4.72, -8.08, -0.32, 1.63, 0.22
-1.29, 4.79, -8.10, -0.32, 1.61, 0.23
-1.11, 4.87, -8.14, -0.32, 1.60, 0.22
-0.77, 4.84, -8.12, -0.33, 1.54, 0.22
-0.62, 4.88, -8.11, -0.35, 1.61, 0.23
-0.21, 5.00, -7.89, -0.36, 1.62, 0.24
0.04, 5.16, -7.93, -0.37, 1.68, 0.26
0.49, 5.37, -7.99, -0.36, 1.61, 0.24
0.71, 5.64, -7.98, -0.31, 1.57, 0.18
0.87, 5.70, -8.08, -0.25, 1.50, 0.14
1.19, 5.51, -7.97, -0.23, 1.54, 0.12
1.31, 5.29, -7.83, -0.22, 1.57, 0.10
1.66, 5.20, -7.73, -0.23, 1.59, 0.09
1.87, 5.18, -7.62, -0.25, 1.60, 0.09
2.11, 5.24, -7.69, -0.27, 1.62, 0.09
2.55, 5.41, -7.61, -0.28, 1.62, 0.11
2.87, 5.40, -7.63, -0.27, 1.61, 0.11
3.07, 5.41, -7.58, -0.26, 1.54, 0.10
3.31, 5.38, -7.52, -0.27, 1.51, 0.11
3.76, 5.58, -7.58, -0.29, 1.54, 0.13
4.30, 5.63, -7.47, -0.26, 1.67, 0.21
4.67, 5.81, -7.40, -0.28, 1.54, 0.21
4.95, 5.92, -7.49, -0.21, 1.28, 0.15
5.15, 6.00, -7.59, -0.18, 1.04, 0.12
5.18, 6.01, -7.43, -0.13, 0.94, 0.11
5.47, 5.85, -7.40, -0.10, 0.93, 0.13
5.64, 5.72, -7.40, -0.09, 0.93, 0.16
5.88, 5.67, -7.46, -0.09, 0.79, 0.15
5.90, 5.67, -7.31, -0.09, 0.54, 0.10
5.94, 5.66, -7.43, -0.10, 0.34, 0.07
5.90, 5.73, -7.34, -0.10, 0.24, 0.07
5.69, 5.69, -7.40, -0.09, 0.18, 0.06
5.64, 5.68, -7.23, -0.09, 0.09, 0.05
5.56, 5.69, -7.31, -0.09, -0.01, 0.02
5.41, 5.76, -7.22, -0.08, -0.12, -0.01
5.26, 5.82, -7.17, -0.06, -0.19, -0.04
5.23, 5.89, -7.12, -0.03, -0.21, -0.05
5.10, 5.93, -7.18, 0.00, -0.23, -0.05
5.05, 5.85, -7.42, 0.02, -0.30, -0.06
5.09, 5.86, -7.40, 0.03, -0.36, -0.08
5.15, 5.77, -7.41, 0.03, -0.43, -0.10
4.99, 5.74, -7.29, 0.02, -0.54, -0.12
4.93, 5.84, -7.25, 0.02, -0.64, -0.15
4.85, 5.87, -7.20, 0.03, -0.71, -0.18
4.57, 5.88, -7.37, 0.04, -0.75, -0.19
4.51, 5.89, -7.44, 0.06, -0.77, -0.19
4.47, 5.78, -7.40, 0.05, -0.82, -0.20
4.35, 5.84, -7.50, 0.06, -0.91, -0.21
4.08, 5.93, -7.54, 0.05, -1.00, -0.24
4.10, 5.90, -7.51, 0.08, -1.00, -0.24
3.86, 5.94, -7.57, 0.09, -1.01, -0.23
3.75, 5.76, -7.66, 0.11, -1.08, -0.25
3.40, 5.71, -7.60, 0.12, -1.18, -0.29
3.31, 5.82, -7.72, 0.13, -1.18, -0.29
3.32, 5.83, -7.61, 0.15, -1.08, -0.26
3.11, 5.71, -7.70, 0.18, -1.13, -0.28
2.81, 5.69, -7.79, 0.19, -1.29, -0.34
2.62, 5.58, -7.92, 0.20, -1.33, -0.36
2.62, 5.61, -7.93, 0.19, -1.22, -0.34
2.61, 5.60, -7.93, 0.20, -1.15, -0.32
2.34, 5.60, -8.00, 0.22, -1.30, -0.36
2.09, 5.43, -7.98, 0.23, -1.50, -0.40
1.87, 5.36, -7.95, 0.24, -1.58, -0.39
1.53, 5.30, -7.92, 0.24, -1.54, -0.35
1.14, 5.18, -7.99, 0.24, -1.47, -0.31
0.83, 5.23, -7.94, 0.25, -1.49, -0.30
0.54, 5.16, -7.93, 0.26, -1.52, -0.30
0.25, 5.08, -7.96, 0.27, -1.52, -0.29
-0.15, 4.96, -7.99, 0.27, -1.50, -0.29
-0.28, 4.85, -8.06, 0.26, -1.49, -0.29
-0.41, 4.82, -8.07, 0.26, -1.50, -0.29
-0.66, 4.76, -8.09, 0.25, -1.51, -0.32
-0.83, 4.70, -8.10, 0.26, -1.54, -0.36
-1.21, 4.59, -7.94, 0.25, -1.56, -0.39
-1.61, 4.62, -7.89, 0.25, -1.56, -0.41
-1.99, 4.45, -7.92, 0.25, -1.56, -0.43
-2.29, 4.49, -7.95, 0.25, -1.61, -0.46
-2.80, 4.53, -7.95, 0.25, -1.68, -0.50
-3.30, 4.59, -7.99, 0.27, -1.70, -0.52
-3.85, 4.46, -7.75, 0.27, -1.58, -0.48
-3.90, 4.44, -7.63, 0.27, -1.38, -0.41
-3.87, 4.35, -7.65, 0.26, -1.21, -0.34
-3.95, 4.29, -7.57, 0.25, -1.19, -0.33
-4.18, 4.46, -7.61, 0.28, -1.28, -0.37
-4.43, 4.53, -7.51, 0.35, -1.36, -0.39
-4.76, 4.52, -7.52, 0.41, -1.34, -0.36
-5.24, 4.36, -7.48, 0.46, -1.29, -0.33
-5.68, 4.04, -7.45, 0.48, -1.19, -0.29
-5.62, 3.80, -7.42, 0.44, -0.98, -0.21
-5.49, 3.68, -7.36, 0.40, -0.80, -0.12
-5.26, 3.60, -7.36, 0.37, -0.76, -0.10
-5.21, 3.67, -7.43, 0.37, -0.86, -0.11
-5.20, 3.51, -7.35, 0.36, -1.01, -0.15
-5.49, 3.45, -7.31, 0.35, -1.08, -0.17
-5.56, 3.26, -7.20, 0.31, -1.01, -0.15
-5.71, 3.27, -7.26, 0.24, -0.89, -0.11
-6.17, 3.37, -7.22, 0.21, -0.91, -0.15
-6.48, 3.42, -7.19, 0.24, -0.97, -0.20
-6.68, 3.39, -7.02, 0.24, -0.92, -0.21
-6.96, 3.20, -6.88, 0.22, -0.78, -0.19
-7.16, 2.94, -6.83, 0.19, -0.65, -0.17
-7.31, 2.77, -6.75, 0.15, -0.55, -0.16
-7.32, 2.70, -6.69, 0.09, -0.43, -0.13
-7.35, 2.70, -6.76, 0.01, -0.28, -0.08
-7.52, 2.88, -6.70, -0.02, -0.17, -0.05
-7.55, 2.99, -6.58, -0.03, -0.06, -0.03
-7.44, 2.94, -6.66, -0.04, 0.05, 0.01
-7.36, 2.83, -6.71, -0.07, 0.17, 0.05
-7.33, 2.79, -6.70, -0.12, 0.26, 0.09
-7.21, 2.89, -6.73, -0.16, 0.34, 0.15
-7.11, 2.96, -6.74, -0.21, 0.44, 0.19
-6.98, 3.11, -6.79, -0.23, 0.55, 0.23
-6.85, 3.30, -6.82, -0.25, 0.64, 0.26
-6.79, 3.34, -6.99, -0.24, 0.70, 0.27
-6.71, 3.30, -6.96, -0.26, 0.74, 0.27
-6.59, 3.42, -6.99, -0.26, 0.83, 0.28
-6.33, 3.52, -7.02, -0.29, 0.96, 0.30
-6.07, 3.54, -7.02, -0.30, 1.01, 0.31
-6.09, 3.72, -7.02, -0.29, 1.02, 0.28
-5.86, 3.75, -7.07, -0.27, 1.02, 0.26
-5.75, 3.79, -7.19, -0.28, 1.08, 0.26
-5.65, 3.90, -7.28, -0.28, 1.17, 0.28
-5.51, 3.95, -7.30, -0.26, 1.24, 0.28
-5.34, 4.02, -7.37, -0.25, 1.30, 0.29
-4.91, 4.01, -7.50, -0.23, 1.38, 0.30
-4.67, 4.05, -7.53, -0.23, 1.40, 0.29
-4.53, 4.07, -7.70, -0.22, 1.34, 0.26
-4.49, 4.05, -7.63, -0.21, 1.32, 0.24
-4.37, 4.17, -7.69, -0.20, 1.41, 0.25
-4.23, 4.10, -7.80, -0.20, 1.53, 0.26
-3.94, 4.09, -7.89, -0.23, 1.62, 0.26
-3.53, 4.08, -7.91, -0.24, 1.74, 0.25
-3.11, 4.13, -7.87, -0.24, 1.72, 0.22
-2.78, 4.10, -7.88, -0.24, 1.65, 0.18
-2.51, 4.13, -7.99, -0.24, 1.62, 0.16
-2.27, 4.17, -8.05, -0.26, 1.70, 0.17
-2.07, 4.12, -8.20, -0.28, 1.75, 0.20
-1.88, 4.13, -8.11, -0.31, 1.75, 0.20
-1.61, 4.07, -8.05, -0.34, 1.75, 0.22
-1.46, 4.25, -8.02, -0.38, 1.83, 0.25
-1.07, 4.31, -8.04, -0.40, 1.93, 0.30
-0.71, 4.39, -7.92, -0.41, 2.02, 0.35
-0.32, 4.41, -7.91, -0.43, 2.02, 0.35
-0.16, 4.42, -7.84, -0.43, 1.97, 0.31
0.35, 4.46, -7.76, -0.46, 2.01, 0.30
0.99, 4.59, -7.69, -0.50, 2.19, 0.35
1.69, 4.83, -7.53, -0.53, 2.32, 0.37
2.13, 4.92, -7.54, -0.52, 2.07, 0.26
2.36, 5.02, -7.60, -0.45, 1.90, 0.19
2.78, 5.07, -7.63, -0.47, 1.96, 0.21
3.42, 4.98, -7.59, -0.50, 2.01, 0.23
3.87, 4.86, -7.62, -0.49, 1.99, 0.21
4.31, 4.77, -7.46, -0.51, 1.79, 0.20
4.75, 4.89, -7.17, -0.58, 1.76, 0.21
5.15, 5.38, -7.17, -0.65, 1.60, 0.20
5.26, 6.08, -7.13, -0.61, 1.47, 0.17
5.49, 6.66, -7.16, -0.53, 1.33, 0.14
5.81, 6.83, -7.00, -0.41, 1.30, 0.14
6.32, 6.81, -7.00, -0.29, 1.28, 0.15
6.68, 6.64, -7.02, -0.19, 1.13, 0.10
6.86, 6.41, -6.91, -0.13, 0.83, 0.03
7.11, 6.26, -6.86, -0.10, 0.56, -0.01
7.05, 6.30, -6.99, -0.08, 0.38, -0.02
6.67, 6.15, -7.07, -0.04, 0.19, -0.04
6.39, 6.04, -7.11, -0.04, -0.00, -0.05
6.20, 6.03, -7.02, -0.01, -0.10, -0.04
6.01, 5.92, -6.93, 0.01, -0.12, -0.01
5.79, 5.81, -7.01, 0.01, -0.20, -0.00
5.53, 5.77, -6.90, -0.00, -0.33, -0.03
5.30, 5.78, -6.89, -0.01, -0.42, -0.05
5.20, 5.96, -7.03, -0.01, -0.42, -0.05
5.12, 6.08, -7.04, 0.03, -0.39, -0.03
5.16, 6.12, -7.15, 0.07, -0.41, -0.04
5.12, 5.92, -7.22, 0.08, -0.54, -0.06
4.92, 5.95, -7.26, 0.08, -0.70, -0.10
4.88, 5.86, -7.15, 0.08, -0.76, -0.11
4.79, 5.92, -7.16, 0.09, -0.75, -0.10
4.74, 5.93, -7.21, 0.10, -0.77, -0.09
4.57, 6.03, -7.35, 0.12, -0.86, -0.10
4.32, 5.96, -7.36, 0.15, -0.95, -0.12
4.33, 5.93, -7.32, 0.16, -0.99, -0.13
4.21, 5.99, -7.32, 0.19, -0.98, -0.12
4.22, 6.02, -7.38, 0.21, -1.00, -0.11
4.19, 6.15, -7.49, 0.24, -1.09, -0.11
4.03, 6.04, -7.54, 0.29, -1.22, -0.15
3.69, 5.93, -7.58, 0.33, -1.33, -0.19
3.49, 5.63, -7.60, 0.35, -1.31, -0.20
3.33, 5.67, -7.69, 0.34, -1.22, -0.18
3.19, 5.58, -7.89, 0.37, -1.23, -0.20
3.00, 5.37, -7.90, 0.37, -1.36, -0.26
2.73, 5.42, -7.96, 0.37, -1.45, -0.29
2.56, 5.34, -8.00, 0.38, -1.42, -0.28
2.45, 5.29, -7.97, 0.40, -1.38, -0.25
2.17, 5.16, -7.98, 0.39, -1.46, -0.25
1.84, 5.20, -8.13, 0.41, -1.58, -0.26
1.61, 5.22, -8.05, 0.43, -1.60, -0.24
1.45, 5.08, -8.20, 0.46, -1.56, -0.21
1.02, 4.90, -8.23, 0.48, -1.55, -0.20
0.86, 4.60, -8.25, 0.48, -1.57, -0.21
0.75, 4.37, -8.22, 0.48, -1.61, -0.24
0.45, 4.14, -8.12, 0.44, -1.68, -0.27
0.02, 4.02, -8.21, 0.41, -1.76, -0.30
-0.52, 3.98, -8.19, 0.37, -1.78, -0.33
-0.90, 3.97, -8.15, 0.33, -1.76, -0.34
-1.50, 3.97, -8.16, 0.31, -1.77, -0.37
-2.08, 4.02, -8.21, 0.31, -1.79, -0.41
-2.63, 3.94, -8.13, 0.32, -1.89, -0.48
-2.86, 3.99, -8.14, 0.31, -1.76, -0.43
-3.09, 3.93, -8.09, 0.28, -1.50, -0.35
-3.16, 3.94, -8.16, 0.28, -1.39, -0.32
-3.27, 3.85, -8.23, 0.29, -1.40, -0.33
-3.77, 3.62, -8.31, 0.31, -1.56, -0.40
-4.32, 3.30, -8.26, 0.31, -1.67, -0.46
-4.53, 3.17, -8.05, 0.26, -1.50, -0.41
-4.36, 3.13, -7.99, 0.16, -1.14, -0.27
-4.67, 3.24, -7.99, 0.07, -0.98, -0.24
-4.39, 3.39, -7.89, 0.07, -1.02, -0.29
-3.91, 3.65, -7.85, 0.05, -1.04, -0.30
-3.90, 3.84, -7.79, 0.07, -1.17, -0.32
-3.88, 3.78, -7.56, 0.11, -1.33, -0.36
-3.93, 3.76, -7.53, 0.13, -1.40, -0.34
-4.50, 3.79, -7.42, 0.17, -1.53, -0.37
-5.11, 3.70, -7.34, 0.23, -1.63, -0.40
-5.51, 3.52, -7.09, 0.27, -1.57, -0.38
-5.78, 3.30, -6.97, 0.28, -1.43, -0.30
-6.30, 3.08, -6.91, 0.28, -1.38, -0.26
-6.82, 2.82, -6.88, 0.27, -1.43, -0.27
-7.12, 2.66, -6.78, 0.24, -1.41, -0.25
-7.43, 2.38, -6.77, 0.16, -1.28, -0.20
-8.32, 2.59, -6.75, 0.10, -1.17, -0.20
-8.85, 2.59, -6.58, 0.09, -1.05, -0.18
-8.89, 2.48, -6.32, 0.05, -0.78, -0.09
-9.05, 2.53, -6.20, 0.01, -0.44, 0.02
-9.15, 2.63, -6.25, -0.03, -0.21, 0.06
-8.85, 2.66, -6.25, -0.06, 0.04, 0.14
-8.38, 2.64, -6.16, -0.11, 0.28, 0.23
-8.32, 2.70, -6.39, -0.16, 0.40, 0.29
-8.22, 2.79, -6.33, -0.17, 0.41, 0.29
-8.00, 2.94, -6.21, -0.19, 0.51, 0.34
-7.54, 3.06, -6.24, -0.20, 0.71, 0.44
-7.39, 3.14, -6.20, -0.24, 0.93, 0.51
-7.12, 3.29, -6.45, -0.23, 1.01, 0.53
-6.81, 3.34, -6.45, -0.21, 1.02, 0.54
-6.54, 3.38, -6.59, -0.21, 1.04, 0.55
-6.32, 3.52, -6.72, -0.22, 1.11, 0.59
-6.10, 3.66, -6.75, -0.22, 1.22, 0.63
-5.81, 3.71, -6.86, -0.22, 1.29, 0.67
-5.66, 3.72, -7.26, -0.21, 1.26, 0.63
-5.73, 3.82, -6.97, -0.17, 1.19, 0.53
-5.84, 3.76, -7.13, -0.20, 1.26, 0.45
-5.37, 3.87, -6.97, -0.25, 1.55, 0.43
-4.85, 4.02, -7.14, -0.30, 1.85, 0.39
-4.58, 4.12, -7.40, -0.30, 1.85, 0.22
-4.17, 4.16, -7.54, -0.26, 1.65, 0.02
-3.86, 4.18, -7.66, -0.23, 1.57, -0.13
-3.72, 4.04, -7.76, -0.23, 1.53, -0.21
-3.75, 3.85, -7.74, -0.27, 1.58, -0.26
-3.45, 3.85, -7.92, -0.33, 1.63, -0.28
-3.07, 3.97, -7.95, -0.38, 1.80, -0.23
-2.86, 4.17, -7.92, -0.40, 1.84, -0.19
-2.68, 4.18, -7.91, -0.38, 1.71, -0.19
-2.80, 4.33, -7.89, -0.35, 1.54, -0.20
-2.59, 4.32, -7.81, -0.34, 1.59, -0.12
-2.42, 4.27, -7.97, -0.37, 1.74, 0.02
-2.52, 4.22, -8.01, -0.38, 1.84, 0.12
-2.52, 4.13, -8.03, -0.39, 1.79, 0.15
-2.55, 4.03, -7.93, -0.40, 1.76, 0.18
-2.12, 3.95, -7.68, -0.45, 1.98, 0.29
-1.50, 3.87, -7.62, -0.52, 2.32, 0.43
-0.77, 3.72, -7.65, -0.61, 2.54, 0.52
-0.00, 3.83, -7.80, -0.67, 2.46, 0.50
0.38, 4.08, -7.62, -0.70, 2.23, 0.43
1.17, 4.53, -7.49, -0.71, 2.15, 0.44
1.89, 5.05, -7.49, -0.72, 2.29, 0.52
2.53, 5.51, -7.58, -0.69, 2.11, 0.48
2.68, 5.75, -7.68, -0.55, 1.84, 0.40
2.99, 5.81, -7.42, -0.48, 1.75, 0.40
3.43, 5.91, -7.59, -0.47, 1.82, 0.45
3.90, 5.79, -7.47, -0.40, 1.77, 0.43
4.56, 5.63, -7.42, -0.35, 1.68, 0.49
5.04, 5.84, -7.39, -0.41, 1.62, 0.52
5.84, 6.32, -7.37, -0.35, 1.52, 0.51
5.95, 6.63, -7.47, -0.25, 1.19, 0.45
6.10, 6.76, -7.43, -0.16, 0.86, 0.36
6.37, 6.49, -7.47, -0.07, 0.73, 0.34
6.45, 6.22, -7.52, -0.03, 0.64, 0.34
6.28, 5.98, -7.55, -0.03, 0.44, 0.30
6.22, 5.99, -7.48, -0.01, 0.26, 0.25
6.08, 5.92, -7.47, 0.02, 0.17, 0.21
6.14, 5.77, -7.42, 0.03, 0.20, 0.19
6.29, 5.70, -7.37, 0.02, 0.21, 0.18
6.38, 5.82, -7.19, 0.03, 0.09, 0.14
6.30, 5.91, -7.25, 0.06, -0.14, 0.06
6.14, 6.02, -7.30, 0.10, -0.31, -0.01
5.91, 5.91, -7.32, 0.15, -0.29, -0.01
5.91, 5.75, -7.29, 0.18, -0.25, 0.00
5.67, 5.72, -7.41, 0.22, -0.35, -0.03
5.58, 5.60, -7.45, 0.25, -0.50, -0.09
5.31, 5.44, -7.48, 0.27, -0.62, -0.12
5.21, 5.42, -7.59, 0.27, -0.67, -0.13
4.88, 5.27, -7.67, 0.26, -0.69, -0.13
4.87, 5.30, -7.68, 0.27, -0.74, -0.11
4.59, 5.35, -7.91, 0.28, -0.81, -0.11
4.76, 5.22, -8.02, 0.28, -0.83, -0.11
4.70, 5.06, -7.89, 0.28, -0.89, -0.13
4.45, 4.88, -7.97, 0.26, -1.06, -0.18
4.10, 4.71, -7.95, 0.24, -1.26, -0.23
3.76, 4.70, -7.90, 0.23, -1.32, -0.27
3.51, 4.64, -8.03, 0.20, -1.25, -0.28
3.35, 4.67, -8.17, 0.19, -1.19, -0.27
3.18, 4.52, -8.11, 0.16, -1.26, -0.30
2.92, 4.45, -8.26, 0.12, -1.44, -0.35
2.65, 4.53, -8.23, 0.09, -1.59, -0.40
2.42, 4.78, -8.07, 0.09, -1.60, -0.37
2.10, 4.78, -8.05, 0.09, -1.59, -0.35
1.59, 4.80, -8.23, 0.09, -1.68, -0.36
1.11, 4.61, -8.30, 0.11, -1.81, -0.38
0.78, 4.55, -8.25, 0.09, -1.83, -0.36
0.35, 4.70, -8.15, 0.09, -1.63, -0.27
0.06, 4.88, -8.04, 0.08, -1.57, -0.22
-0.28, 4.95, -8.21, 0.16, -1.60, -0.20
-0.47, 4.66, -8.17, 0.19, -1.55, -0.16
-0.57, 4.49, -8.23, 0.14, -1.45, -0.11
-0.60, 4.73, -8.30, 0.12, -1.42, -0.11
-0.83, 4.91, -8.34, 0.14, -1.42, -0.12
-0.91, 4.94, -8.25, 0.17, -1.40, -0.13
-0.91, 5.02, -8.35, 0.20, -1.36, -0.13
-0.95, 4.96, -8.25, 0.25, -1.38, -0.15
-0.98, 4.76, -8.16, 0.28, -1.42, -0.15
-1.18, 4.53, -8.10, 0.31, -1.45, -0.14
-1.38, 4.42, -8.04, 0.33, -1.47, -0.14
-1.61, 4.21, -8.03, 0.33, -1.52, -0.15
-1.69, 4.19, -7.96, 0.32, -1.53, -0.15
-1.81, 4.29, -8.00, 0.32, -1.55, -0.15
-2.33, 4.32, -8.12, 0.34, -1.63, -0.17
-2.79, 4.25, -8.02, 0.38, -1.69, -0.17
-3.25, 4.22, -8.00, 0.40, -1.66, -0.15
-3.63, 3.99, -7.90, 0.43, -1.61, -0.14
-4.05, 3.70, -7.86, 0.42, -1.56, -0.15
-4.51, 3.46, -7.87, 0.41, -1.49, -0.15
-4.70, 3.20, -7.94, 0.37, -1.38, -0.13
-5.11, 3.17, -7.79, 0.30, -1.28, -0.11
-5.34, 3.15, -7.86, 0.25, -1.21, -0.10
-5.54, 3.21, -7.98, 0.21, -1.14, -0.09
-5.74, 3.15, -7.86, 0.18, -1.02, -0.07
-5.88, 3.20, -7.63, 0.13, -0.90, -0.05
-6.05, 3.23, -7.59, 0.09, -0.82, -0.03
-6.26, 3.21, -7.63, 0.08, -0.79, -0.02
-6.47, 3.16, -7.46, 0.04, -0.72, 0.01
-6.50, 3.19, -7.49, 0.00, -0.56, 0.07
-6.14, 3.06, -7.41, -0.06, -0.35, 0.18
-5.93, 3.31, -7.63, -0.17, -0.20, 0.27
-5.80, 3.68, -7.49, -0.11, -0.27, 0.24
-5.90, 3.69, -7.39, -0.07, -0.47, 0.13
-6.16, 3.78, -7.24, -0.03, -0.56, 0.04
-6.30, 3.86, -7.23, -0.02, -0.41, 0.02
-6.61, 4.16, -7.06, 0.00, -0.22, 0.01
-6.80, 4.09, -7.11, 0.05, -0.09, -0.02
-6.78, 4.06, -7.10, 0.11, -0.05, -0.05
-7.00, 3.82, -7.08, 0.14, -0.06, -0.08
-6.99, 3.42, -7.17, 0.15, 0.02, -0.05
-6.95, 3.19, -7.12, 0.09, 0.20, 0.02
-6.75, 3.23, -7.33, 0.02, 0.37, 0.09
-6.80, 3.30, -7.32, -0.00, 0.42, 0.09
-6.71, 3.25, -7.35, -0.01, 0.42, 0.07
-6.61, 3.15, -7.37, -0.06, 0.50, 0.06
-6.43, 3.11, -7.29, -0.12, 0.67, 0.09
-6.10, 3.20, -7.34, -0.19, 0.86, 0.13
-5.79, 3.31, -7.49, -0.27, 1.00, 0.14
-5.62, 3.45, -7.38, -0.30, 1.00, 0.12
-5.51, 3.78, -7.57, -0.30, 0.94, 0.06
-5.36, 3.80, -7.49, -0.30, 0.95, 0.04
-5.15, 3.88, -7.33, -0.33, 1.07, 0.05
-4.81, 4.11, -7.51, -0.35, 1.23, 0.09
-4.65, 4.17, -7.53, -0.32, 1.30, 0.09
-4.70, 4.15, -7.60, -0.28, 1.20, 0.03
-4.44, 4.07, -7.59, -0.26, 1.20, -0.01
-4.10, 4.04, -7.70, -0.27, 1.40, 0.04
-3.81, 3.98, -7.71, -0.30, 1.55, 0.08
-3.60, 4.08, -8.10, -0.31, 1.55, 0.07
-3.37, 4.06, -8.05, -0.29, 1.50, 0.02
-3.24, 3.98, -8.08, -0.31, 1.48, -0.03
-2.84, 4.06, -7.95, -0.34, 1.58, -0.02
-2.38, 4.37, -7.97, -0.38, 1.78, 0.02
-2.08, 4.48, -8.19, -0.33, 1.80, -0.01
-2.00, 4.37, -8.21, -0.26, 1.62, -0.09
-1.76, 4.28, -8.15, -0.25, 1.49, -0.14
-1.61, 4.34, -8.10, -0.25, 1.54, -0.10
-1.51, 4.22, -8.17, -0.26, 1.63, -0.06
-1.33, 4.13, -8.17, -0.27, 1.70, -0.04
-1.05, 4.09, -8.34, -0.31, 1.70, -0.03
-0.92, 4.17, -8.41, -0.33, 1.68, -0.04
-0.69, 4.39, -8.28, -0.33, 1.62, -0.04
-0.49, 4.50, -8.29, -0.31, 1.62, -0.03
-0.36, 4.48, -8.27, -0.30, 1.62, -0.02
-0.32, 4.36, -8.28, -0.31, 1.62, -0.01
0.06, 4.36, -8.25, -0.34, 1.72, 0.01
0.40, 4.38, -8.26, -0.36, 1.76, 0.02
0.78, 4.42, -8.22, -0.38, 1.70, -0.01
1.16, 4.25, -8.26, -0.38, 1.61, -0.03
1.44, 4.24, -8.11, -0.44, 1.62, -0.01
1.90, 4.29, -7.99, -0.54, 1.62, 0.02
2.12, 4.69, -8.03, -0.59, 1.57, 0.02
2.35, 4.95, -8.08, -0.61, 1.50, 0.03
2.69, 5.08, -8.00, -0.61, 1.48, 0.05
3.15, 5.18, -7.82, -0.60, 1.44, 0.08
3.58, 5.06, -7.74, -0.57, 1.47, 0.13
3.58, 5.06, -7.88, -0.62, 1.30, 0.12
3.65, 5.54, -7.79, -0.61, 1.11, 0.10
4.04, 6.13, -7.42, -0.57, 1.14, 0.14
4.81, 6.28, -7.20, -0.47, 1.31, 0.22
5.22, 6.30, -7.35, -0.41, 1.30, 0.24
5.49, 6.32, -7.46, -0.36, 1.01, 0.17
5.78, 6.44, -7.37, -0.32, 0.73, 0.12
6.18, 6.50, -7.23, -0.26, 0.65, 0.13
6.33, 6.41, -7.17, -0.20, 0.62, 0.15
6.46, 6.47, -7.15, -0.17, 0.47, 0.12
6.55, 6.34, -7.26, -0.13, 0.25, 0.06
6.52, 6.34, -7.34, -0.12, 0.02, 0.01
6.40, 6.33, -7.28, -0.08, -0.11, -0.02
6.36, 6.23, -7.21, -0.06, -0.19, -0.03
6.12, 6.05, -7.22, -0.06, -0.30, -0.04
5.90, 6.00, -7.20, -0.06, -0.44, -0.07
5.67, 6.06, -7.28, -0.06, -0.54, -0.09
5.58, 6.22, -7.22, -0.04, -0.61, -0.09
5.02, 6.16, -7.29, -0.00, -0.72, -0.11
4.79, 5.95, -7.38, 0.02, -0.81, -0.14
4.63, 5.98, -7.31, 0.03, -0.82, -0.13
4.49, 5.92, -7.30, 0.05, -0.80, -0.10
4.16, 5.92, -7.46, 0.07, -0.83, -0.11
3.99, 5.76, -7.51, 0.09, -0.93, -0.14
3.98, 5.71, -7.64, 0.09, -0.97, -0.16
3.84, 5.61, -7.49, 0.09, -1.00, -0.17
3.62, 5.45, -7.63, 0.05, -1.09, -0.21
3.27, 5.67, -7.81, 0.03, -1.23, -0.26
2.85, 5.83, -7.56, 0.08, -1.33, -0.27
2.91, 5.57, -7.71, 0.08, -1.23, -0.21
2.76, 5.56, -7.73, 0.06, -1.13, -0.13
3.01, 5.94, -7.59, 0.07, -1.18, -0.05
3.19, 6.10, -7.75, 0.14, -1.37, 0.04
3.02, 5.95, -7.70, 0.18, -1.68, 0.14
2.68, 5.62, -7.62, 0.20, -1.93, 0.26
2.06, 5.33, -7.60, 0.17, -2.06, 0.37
1.68, 5.17, -7.57, 0.11, -2.05, 0.46
1.16, 5.32, -7.61, 0.08, -2.03, 0.51
0.81, 5.76, -7.61, 0.09, -1.98, 0.54
0.56, 5.84, -7.54, 0.13, -1.97, 0.53
0.40, 5.64, -7.44, 0.16, -1.98, 0.50
0.41, 5.43, -7.38, 0.13, -1.99, 0.45
0.17, 5.31, -7.72, 0.06, -2.03, 0.40
-0.16, 5.49, -7.32, 0.05, -2.08, 0.33
-0.46, 5.71, -7.36, 0.03, -2.07, 0.29
-0.75, 5.92, -7.18, 0.04, -2.05, 0.24
-1.16, 6.03, -7.15, 0.09, -2.04, 0.16
-1.46, 5.91, -7.21, 0.15, -2.03, 0.07
-1.87, 5.69, -7.26, 0.21, -2.07, -0.07
-2.36, 5.52, -7.33, 0.21, -2.10, -0.18
-2.93, 5.52, -7.32, 0.22, -2.05, -0.24
-3.44, 5.39, -7.31, 0.25, -1.88, -0.24
-3.88, 5.26, -7.36, 0.24, -1.65, -0.22
-3.87, 5.11, -7.37, 0.22, -1.44, -0.19
-3.80, 4.97, -7.41, 0.17, -1.29, -0.17
-3.89, 5.04, -7.44, 0.15, -1.25, -0.20
-3.85, 5.13, -7.35, 0.16, -1.28, -0.25
-3.94, 5.02, -7.42, 0.19, -1.26, -0.27
-4.44, 4.96, -7.37, 0.17, -1.25, -0.32
-4.77, 4.72, -7.28, 0.18, -1.24, -0.39
-4.79, 4.66, -7.15, 0.14, -1.07, -0.42
-4.96, 4.75, -7.13, 0.14, -0.89, -0.43
-5.20, 4.61, -7.19, 0.17, -0.85, -0.49
-5.18, 4.33, -7.17, 0.19, -0.85, -0.52
-4.89, 4.11, -7.05, 0.15, -0.79, -0.48
-4.85, 3.73, -7.18, 0.08, -0.72, -0.42
-5.11, 3.99, -7.14, -0.02, -0.76, -0.42
-5.55, 4.07, -7.02, 0.04, -0.93, -0.47
-5.98, 4.07, -6.87, 0.02, -1.03, -0.50
-6.49, 4.08, -6.81, -0.01, -0.94, -0.46
-6.89, 4.05, -6.60, -0.04, -0.73, -0.38
-7.24, 4.03, -6.71, -0.10, -0.54, -0.29
-7.38, 4.15, -6.60, -0.12, -0.46, -0.24
-7.65, 4.30, -6.61, -0.14, -0.40, -0.21
-7.80, 4.28, -6.45, -0.13, -0.31, -0.17
-7.78, 4.29, -6.34, -0.15, -0.13, -0.10
-7.83, 4.34, -6.40, -0.15, 0.08, -0.02
-7.93, 4.41, -6.49, -0.15, 0.22, 0.02
-7.73, 4.26, -6.34, -0.13, 0.30, 0.03
-7.51, 4.18, -6.45, -0.16, 0.43, 0.06
-7.29, 4.21, -6.53, -0.20, 0.59, 0.11
-7.15, 4.30, -6.54, -0.22, 0.69, 0.12
-6.85, 4.34, -6.55, -0.23, 0.76, 0.11
-6.54, 4.26, -6.58, -0.23, 0.81, 0.11
-6.50, 4.31, -6.53, -0.25, 0.88, 0.10
-6.33, 4.37, -6.67, -0.26, 0.93, 0.10
-6.02, 4.49, -6.69, -0.29, 1.02, 0.10
-5.69, 4.68, -6.76, -0.30, 1.13, 0.10
-5.43, 4.79, -6.79, -0.29, 1.19, 0.10
-5.38, 4.87, -6.96, -0.27, 1.21, 0.07
-5.45, 4.87, -6.89, -0.25, 1.19, 0.03
-5.27, 4.80, -6.95, -0.24, 1.28, 0.03
-4.84, 4.79, -6.93, -0.28, 1.49, 0.08
-4.51, 4.84, -7.05, -0.31, 1.64, 0.12
-4.19, 4.92, -7.26, -0.32, 1.72, 0.12
-3.82, 4.99, -7.30, -0.29, 1.62, 0.07
-3.71, 4.95, -7.23, -0.27, 1.58, 0.03
-3.44, 5.02, -7.33, -0.26, 1.62, 0.04
-3.15, 4.85, -7.34, -0.29, 1.74, 0.09
-2.85, 4.99, -7.44, -0.31, 1.87, 0.12
-2.46, 5.02, -7.53, -0.31, 1.89, 0.13
-2.07, 4.99, -7.52, -0.29, 1.82, 0.11
-1.80, 5.00, -7.49, -0.28, 1.71, 0.09
-1.59, 5.01, -7.40, -0.27, 1.64, 0.09
-1.43, 5.25, -7.41, -0.26, 1.74, 0.13
-1.06, 5.35, -7.46, -0.23, 1.85, 0.19
-1.13, 5.26, -7.73, -0.19, 1.82, 0.19
-0.98, 5.13, -7.80, -0.13, 1.71, 0.16
-0.88, 4.95, -7.76, -0.13, 1.65, 0.16
-0.57, 4.94, -7.70, -0.16, 1.81, 0.21
-0.17, 5.04, -7.70, -0.19, 2.01, 0.27
0.32, 5.12, -7.83, -0.21, 2.09, 0.30
0.79, 5.30, -7.93, -0.21, 1.96, 0.24
1.13, 5.30, -7.81, -0.17, 1.73, 0.18
1.43, 5.30, -7.76, -0.15, 1.61, 0.16
1.46, 5.26, -7.73, -0.17, 1.66, 0.19
1.60, 5.31, -7.78, -0.18, 1.61, 0.19
1.79, 5.27, -7.85, -0.16, 1.62, 0.18
1.81, 5.24, -7.84, -0.16, 1.62, 0.18
1.97, 5.15, -7.69, -0.18, 1.62, 0.19
2.38, 5.31, -7.64, -0.21, 1.62, 0.22
2.74, 5.46, -7.62, -0.19, 1.61, 0.24
3.25, 5.50, -7.24, -0.17, 1.55, 0.23
3.62, 5.50, -7.25, -0.19, 1.56, 0.20
4.19, 5.74, -7.37, -0.15, 1.62, 0.27
4.52, 5.88, -7.40, -0.11, 1.59, 0.26
4.79, 5.91, -7.51, -0.06, 1.36, 0.22
5.31, 5.86, -7.57, -0.01, 1.22, 0.20
5.90, 5.75, -7.38, -0.00, 1.23, 0.23
6.67, 5.65, -7.37, -0.00, 1.16, 0.23
7.03, 5.56, -7.20, -0.02, 0.89, 0.19
7.13, 5.64, -7.25, -0.05, 0.51, 0.13
6.95, 5.69, -7.24, -0.06, 0.20, 0.08
6.71, 5.64, -7.33, -0.06, 0.04, 0.06
6.54, 5.65, -7.27, -0.08, 0.01, 0.08
6.44, 5.69, -7.16, -0.09, -0.01, 0.09
6.26, 5.75, -7.17, -0.08, -0.14, 0.05
6.18, 5.81, -7.11, -0.07, -0.28, 0.01
6.15, 5.81, -7.10, -0.07, -0.36, -0.01
6.05, 5.78, -7.02, -0.05, -0.41, -0.02
5.89, 5.75, -7.16, -0.04, -0.49, -0.03
5.77, 5.70, -7.24, -0.03, -0.59, -0.05
5.60, 5.64, -7.32, -0.03, -0.66, -0.06
5.60, 5.61, -7.45, -0.04, -0.68, -0.04
