6.59, 2.42, -8.09, -0.16, 0.36, -0.15
6.64, 2.65, -8.09, -0.12, 0.47, -0.08
6.91, 2.66, -8.26, -0.06, 0.50, -0.04
6.93, 2.53, -8.16, -0.05, 0.29, -0.04
6.96, 2.45, -8.11, -0.06, 0.05, -0.05
6.80, 2.43, -8.09, -0.08, -0.04, -0.03
6.76, 2.64, -7.99, -0.08, -0.01, 0.01
6.68, 2.76, -8.04, -0.05, -0.03, 0.05
6.74, 2.67, -7.94, -0.02, -0.16, 0.06
6.61, 2.56, -8.07, -0.01, -0.27, 0.07
6.42, 2.36, -8.01, -0.00, -0.34, 0.08
6.30, 2.29, -7.97, -0.02, -0.37, 0.09
6.16, 2.29, -8.07, -0.03, -0.39, 0.11
6.11, 2.28, -8.15, -0.05, -0.43, 0.12
6.09, 2.33, -8.00, -0.07, -0.46, 0.13
6.31, 2.45, -8.17, -0.08, -0.47, 0.15
6.36, 2.66, -8.16, -0.08, -0.51, 0.17
6.36, 2.85, -8.22, -0.06, -0.61, 0.19
6.47, 3.03, -8.32, -0.01, -0.73, 0.20
6.48, 3.29, -8.22, 0.06, -0.80, 0.26
6.41, 3.41, -8.37, 0.14, -0.86, 0.34
6.27, 3.43, -8.40, 0.25, -0.99, 0.43
6.05, 3.28, -8.47, 0.32, -1.13, 0.49
5.85, 3.29, -8.59, 0.40, -1.18, 0.56
5.55, 3.11, -8.47, 0.49, -1.25, 0.62
5.10, 2.71, -8.45, 0.56, -1.37, 0.66
4.87, 2.67, -8.67, 0.60, -1.41, 0.71
4.59, 2.35, -8.84, 0.67, -1.36, 0.78
4.54, 1.52, -8.84, 0.67, -1.36, 0.82
4.41, 1.12, -9.05, 0.57, -1.46, 0.85
4.26, 1.04, -9.02, 0.48, -1.62, 0.87
4.26, 1.26, -8.91, 0.45, -1.69, 0.92
4.07, 1.34, -9.06, 0.47, -1.72, 0.97
3.63, 1.00, -9.01, 0.46, -1.90, 0.98
3.11, 0.49, -9.12, 0.42, -2.10, 0.97
2.49, 0.16, -9.04, 0.35, -2.10, 0.99
2.14, 0.13, -9.02, 0.26, -2.05, 1.03
1.49, 0.06, -9.12, 0.20, -2.07, 1.02
1.04, 0.10, -9.17, 0.15, -2.12, 0.98
0.56, 0.11, -9.07, 0.11, -2.14, 0.97
-0.06, 0.12, -9.17, 0.07, -2.15, 0.96
-1.08, -0.04, -9.16, 0.02, -2.15, 0.94
-1.80, 0.06, -9.41, -0.04, -2.03, 0.90
-1.88, 0.38, -9.10, -0.13, -1.74, 0.92
-2.23, 0.81, -9.39, -0.12, -1.56, 0.92
-3.32, 0.60, -9.73, -0.09, -1.71, 0.77
-4.47, 0.31, -9.64, -0.11, -1.76, 0.57
-4.81, 0.67, -9.21, -0.18, -1.32, 0.44
-4.05, 1.91, -9.39, -0.14, -0.54, 0.43
-3.37, 2.16, -9.77, 0.05, -0.15, 0.39
-3.10, 1.34, -9.69, 0.18, -0.48, 0.25
-2.91, 0.69, -9.69, 0.18, -0.79, 0.13
-2.26, 0.57, -9.39, 0.10, -0.62, 0.15
-1.77, 0.89, -9.40, 0.09, -0.38, 0.23
-1.87, 0.75, -9.54, 0.12, -0.59, 0.23
-2.02, 0.42, -9.51, 0.13, -0.96, 0.20
-2.49, 0.21, -9.59, 0.10, -1.10, 0.17
-3.80, 0.13, -9.52, 0.07, -1.08, 0.09
-4.33, 0.33, -9.19, 0.01, -0.86, 0.01
-4.26, 0.64, -9.25, -0.00, -0.51, -0.03
-4.47, 0.61, -9.38, 0.01, -0.40, -0.10
-5.03, 0.61, -9.42, 0.03, -0.52, -0.24
-5.43, 0.62, -9.33, 0.06, -0.42, -0.31
-5.33, 0.49, -9.20, 0.10, -0.01, -0.29
-4.95, 0.19, -9.19, 0.11, 0.36, -0.24
-4.32, -0.14, -9.30, 0.08, 0.47, -0.19
-4.15, -0.27, -9.24, 0.02, 0.40, -0.18
-4.04, -0.31, -9.42, -0.06, 0.39, -0.17
-4.08, -0.08, -9.33, -0.11, 0.53, -0.15
-4.14, -0.02, -9.29, -0.12, 0.68, -0.18
-3.90, -0.12, -9.43, -0.16, 0.84, -0.22
-3.48, -0.22, -9.30, -0.20, 0.98, -0.27
-3.37, -0.21, -9.39, -0.27, 0.99, -0.34
-3.58, 0.00, -9.49, -0.34, 0.97, -0.44
-3.49, 0.34, -9.30, -0.38, 1.11, -0.52
-2.89, 0.71, -9.24, -0.37, 1.43, -0.57
-2.21, 0.81, -9.32, -0.32, 1.59, -0.62
-1.93, 0.76, -9.52, -0.28, 1.49, -0.71
-1.78, 0.49, -9.52, -0.30, 1.37, -0.79
-1.51, 0.52, -9.40, -0.33, 1.47, -0.84
-1.27, 0.65, -9.44, -0.36, 1.63, -0.85
-0.91, 0.66, -9.48, -0.34, 1.67, -0.85
-0.52, 0.64, -9.52, -0.34, 1.63, -0.87
-0.30, 0.55, -9.40, -0.37, 1.62, -0.87
-0.59, 0.71, -9.47, -0.40, 1.62, -0.90
-0.79, 0.77, -9.27, -0.43, 1.64, -0.91
-0.61, 0.83, -9.03, -0.47, 1.90, -0.85
0.21, 1.07, -8.97, -0.46, 2.23, -0.73
0.57, 1.09, -9.02, -0.46, 2.28, -0.69
0.51, 1.11, -8.80, -0.48, 2.14, -0.75
1.62, 1.61, -8.55, -0.49, 2.37, -0.74
3.06, 1.81, -8.79, -0.42, 2.73, -0.65
4.11, 1.80, -8.64, -0.36, 2.55, -0.63
4.13, 1.73, -8.72, -0.33, 1.96, -0.74
3.78, 1.75, -8.77, -0.31, 1.61, -0.83
4.50, 1.81, -8.83, -0.28, 1.91, -0.74
5.68, 1.60, -8.61, -0.26, 2.16, -0.59
6.00, 1.49, -8.70, -0.30, 1.70, -0.58
5.32, 1.77, -8.59, -0.36, 1.02, -0.68
4.57, 2.04, -8.48, -0.35, 0.90, -0.72
5.19, 2.42, -8.36, -0.32, 1.49, -0.55
5.94, 2.29, -8.28, -0.23, 1.76, -0.42
5.64, 1.95, -8.19, -0.25, 1.16, -0.50
5.23, 2.09, -8.10, -0.33, 0.64, -0.62
5.99, 2.27, -8.02, -0.35, 1.13, -0.50
7.01, 2.21, -8.10, -0.35, 1.63, -0.32
7.31, 2.03, -7.86, -0.40, 1.14, -0.34
6.48, 2.41, -7.86, -0.53, 0.33, -0.45
6.18, 2.83, -7.71, -0.52, 0.34, -0.43
6.69, 3.10, -7.54, -0.51, 1.03, -0.24
7.26, 3.50, -7.51, -0.45, 1.21, -0.14
7.44, 3.99, -7.52, -0.36, 0.64, -0.17
7.55, 4.34, -7.51, -0.22, 0.23, -0.18
7.75, 3.99, -7.43, -0.09, 0.46, -0.09
8.20, 3.50, -7.57, -0.02, 0.71, -0.01
8.50, 3.14, -7.55, -0.03, 0.41, -0.04
8.62, 3.38, -7.40, -0.08, -0.07, -0.06
8.29, 3.62, -7.36, -0.04, -0.29, -0.01
8.11, 3.64, -7.42, 0.04, -0.22, 0.08
7.95, 3.41, -7.28, 0.10, -0.15, 0.15
7.81, 3.00, -7.42, 0.11, -0.28, 0.15
7.68, 2.89, -7.46, 0.06, -0.51, 0.14
7.44, 3.16, -7.51, 0.05, -0.60, 0.14
7.16, 3.27, -7.55, 0.07, -0.59, 0.12
7.14, 3.31, -7.46, 0.12, -0.57, 0.12
7.17, 3.34, -7.64, 0.17, -0.58, 0.12
6.91, 3.20, -7.62, 0.21, -0.70, 0.11
6.65, 2.89, -7.75, 0.22, -0.86, 0.09
6.20, 2.72, -7.85, 0.24, -0.88, 0.09
6.18, 2.63, -7.86, 0.23, -0.78, 0.13
6.11, 2.61, -8.06, 0.23, -0.70, 0.19
6.24, 2.59, -8.03, 0.24, -0.76, 0.23
6.15, 2.44, -8.16, 0.23, -0.92, 0.26
5.95, 2.25, -8.20, 0.22, -1.06, 0.30
5.86, 2.28, -8.32, 0.20, -1.06, 0.37
5.78, 2.37, -8.43, 0.21, -1.00, 0.47
5.70, 2.37, -8.38, 0.21, -1.09, 0.54
5.49, 2.27, -8.44, 0.24, -1.30, 0.57
5.12, 2.12, -8.53, 0.25, -1.45, 0.60
4.65, 1.89, -8.55, 0.26, -1.46, 0.64
4.19, 1.53, -8.60, 0.25, -1.47, 0.66
3.74, 1.32, -8.58, 0.20, -1.46, 0.66
3.70, 1.58, -8.76, 0.17, -1.36, 0.70
3.65, 1.73, -8.85, 0.17, -1.30, 0.75
3.16, 1.53, -9.00, 0.17, -1.47, 0.72
2.75, 1.30, -9.17, 0.15, -1.60, 0.68
2.79, 1.32, -9.17, 0.12, -1.42, 0.74
3.24, 1.37, -9.09, 0.09, -1.14, 0.88
3.54, 1.45, -9.10, 0.08, -1.21, 0.97
3.24, 1.51, -9.22, 0.08, -1.69, 0.95
2.91, 1.62, -9.33, 0.10, -2.03, 0.92
2.71, 1.54, -9.18, 0.13, -1.92, 1.01
2.48, 1.40, -9.22, 0.10, -1.74, 1.12
2.26, 1.32, -8.97, 0.06, -1.85, 1.17
1.93, 1.44, -9.07, 0.03, -2.14, 1.16
1.39, 1.41, -9.02, 0.02, -2.33, 1.17
0.57, 1.27, -9.07, 0.02, -2.39, 1.15
0.09, 1.06, -8.82, -0.02, -2.27, 1.15
0.05, 1.17, -8.85, -0.09, -2.03, 1.19
0.49, 1.51, -8.76, -0.13, -1.85, 1.26
0.09, 1.61, -8.77, -0.11, -2.19, 1.21
-1.58, 1.81, -8.98, -0.11, -2.90, 0.97
-3.22, 2.06, -8.92, 0.01, -2.98, 0.83
-3.50, 2.19, -8.65, 0.04, -2.13, 0.87
-2.89, 1.96, -8.73, 0.08, -1.20, 0.97
-3.36, 1.51, -9.14, 0.04, -1.26, 0.85
-4.54, 1.41, -9.33, 0.03, -2.00, 0.49
-5.71, 1.54, -9.29, 0.03, -2.11, 0.21
-6.24, 1.53, -8.88, 0.02, -1.36, 0.15
-5.78, 1.69, -8.77, -0.01, -0.62, 0.21
-5.75, 1.73, -9.18, 0.05, -0.47, 0.21
-6.15, 1.73, -9.24, 0.10, -0.73, 0.10
-5.97, 1.41, -8.80, 0.15, -0.48, 0.05
-5.14, 1.15, -8.77, 0.15, 0.10, 0.09
-4.63, 0.92, -8.99, 0.15, 0.24, 0.07
-4.64, 0.66, -8.97, 0.11, -0.12, -0.03
-4.74, 0.55, -8.97, 0.06, -0.30, -0.10
-4.44, 0.62, -8.87, -0.01, -0.05, -0.06
-4.21, 0.98, -8.86, -0.03, 0.21, -0.01
-4.48, 1.01, -9.02, -0.03, 0.04, -0.05
-4.91, 1.02, -9.04, -0.02, -0.18, -0.13
-4.93, 0.98, -8.92, -0.01, -0.01, -0.13
-4.87, 0.79, -8.98, -0.01, 0.28, -0.09
-4.88, 0.76, -8.98, -0.07, 0.32, -0.11
-4.98, 0.91, -8.97, -0.09, 0.23, -0.16
-5.05, 1.03, -9.01, -0.09, 0.28, -0.20
-5.06, 1.07, -9.06, -0.08, 0.47, -0.22
-5.07, 1.03, -9.04, -0.08, 0.62, -0.27
-4.92, 1.08, -9.00, -0.10, 0.69, -0.35
-5.01, 1.13, -9.10, -0.11, 0.74, -0.44
-4.66, 1.09, -9.01, -0.11, 0.89, -0.52
-4.33, 1.12, -8.90, -0.10, 1.08, -0.57
-3.83, 0.90, -9.07, -0.12, 1.17, -0.61
-3.94, 0.84, -9.28, -0.17, 1.10, -0.71
-3.89, 0.91, -9.18, -0.24, 1.12, -0.82
-3.39, 1.07, -9.15, -0.27, 1.32, -0.89
-2.98, 1.24, -9.11, -0.27, 1.49, -0.91
-2.49, 1.26, -9.22, -0.26, 1.48, -0.94
-2.62, 1.10, -9.41, -0.28, 1.38, -1.02
-2.65, 1.28, -9.22, -0.34, 1.42, -1.12
-2.42, 1.48, -9.07, -0.35, 1.64, -1.20
-1.81, 1.66, -9.08, -0.33, 1.89, -1.22
-1.37, 1.58, -9.23, -0.28, 1.91, -1.24
-1.43, 1.44, -9.22, -0.28, 1.78, -1.30
-1.39, 1.31, -9.11, -0.31, 1.86, -1.34
-1.21, 1.38, -9.03, -0.35, 2.10, -1.35
-1.33, 1.38, -8.75, -0.36, 2.25, -1.37
-1.64, 1.29, -8.70, -0.39, 2.36, -1.40
-1.28, 1.31, -8.25, -0.47, 2.63, -1.41
-0.16, 1.48, -7.90, -0.57, 3.06, -1.35
1.39, 1.77, -7.97, -0.58, 3.32, -1.24
3.02, 1.87, -7.90, -0.57, 3.24, -1.12
4.23, 2.01, -7.75, -0.58, 2.99, -1.03
5.19, 2.43, -7.75, -0.61, 2.75, -0.93
5.92, 3.08, -7.90, -0.55, 2.56, -0.81
5.87, 3.33, -8.16, -0.43, 2.23, -0.75
5.56, 3.08, -8.00, -0.34, 1.95, -0.75
5.83, 2.97, -7.81, -0.30, 1.98, -0.71
6.81, 3.22, -7.86, -0.24, 2.15, -0.61
7.20, 3.45, -8.02, -0.16, 1.93, -0.56
7.05, 3.39, -7.98, -0.09, 1.47, -0.59
7.02, 3.08, -7.82, -0.07, 1.24, -0.60
6.88, 2.98, -7.73, -0.08, 1.28, -0.56
7.00, 3.35, -7.66, -0.04, 1.27, -0.49
6.80, 3.52, -7.68, 0.05, 1.06, -0.45
6.96, 3.25, -7.66, 0.13, 0.96, -0.40
7.40, 2.68, -7.74, 0.13, 1.02, -0.35
7.88, 2.25, -7.46, 0.07, 0.91, -0.28
8.10, 2.43, -7.57, -0.03, 0.60, -0.20
8.24, 2.72, -7.56, -0.07, 0.37, -0.10
8.50, 3.04, -7.41, -0.07, 0.29, 0.04
8.77, 3.11, -7.37, -0.03, 0.21, 0.15
8.54, 2.75, -7.17, -0.03, 0.10, 0.27
8.56, 2.74, -7.38, 0.06, -0.27, 0.24
8.01, 2.40, -7.41, -0.05, -0.55, 0.17
7.64, 2.24, -7.33, -0.12, -0.71, 0.14
7.57, 2.30, -7.32, -0.19, -0.67, 0.18
7.22, 2.95, -7.48, -0.20, -0.66, 0.19
6.77, 3.36, -7.58, -0.13, -0.80, 0.14
6.53, 3.27, -7.51, -0.04, -0.91, 0.10
6.21, 2.89, -7.65, -0.03, -0.88, 0.12
6.16, 2.85, -7.88, -0.05, -0.73, 0.21
6.16, 3.25, -7.84, -0.05, -0.68, 0.32
6.06, 3.43, -7.92, 0.03, -0.76, 0.38
6.08, 3.30, -7.97, 0.10, -0.84, 0.44
6.35, 2.99, -8.08, 0.15, -0.78, 0.53
6.46, 2.89, -8.20, 0.16, -0.72, 0.64
6.68, 2.81, -8.26, 0.16, -0.83, 0.71
6.59, 2.91, -8.35, 0.18, -1.09, 0.75
6.30, 2.74, -8.39, 0.20, -1.30, 0.79
6.15, 2.56, -8.32, 0.22, -1.35, 0.87
5.86, 2.36, -8.37, 0.23, -1.30, 0.95
5.78, 2.17, -8.52, 0.22, -1.35, 1.00
5.51, 2.22, -8.48, 0.21, -1.52, 1.04
5.10, 2.05, -8.61, 0.24, -1.70, 1.05
4.61, 1.78, -8.66, 0.25, -1.79, 1.02
4.24, 1.55, -8.77, 0.25, -1.70, 1.01
4.15, 1.38, -8.79, 0.22, -1.57, 1.02
3.96, 1.32, -8.98, 0.20, -1.65, 0.99
3.65, 1.13, -8.94, 0.18, -1.89, 0.92
3.36, 0.89, -9.10, 0.14, -2.02, 0.87
3.39, 0.85, -8.98, 0.09, -1.93, 0.91
3.30, 0.89, -9.00, 0.03, -1.88, 0.96
2.94, 0.83, -8.92, -0.00, -2.17, 0.96
2.34, 0.77, -8.81, -0.04, -2.58, 0.93
1.71, 0.86, -8.70, -0.07, -2.76, 1.00
1.04, 1.08, -8.70, -0.10, -2.67, 1.17
0.28, 1.20, -8.87, -0.12, -2.62, 1.32
-0.90, 0.89, -8.69, -0.16, -2.68, 1.42
-1.57, 1.09, -8.75, -0.25, -2.69, 1.47
-2.17, 1.73, -8.95, -0.28, -2.43, 1.53
-2.97, 2.09, -9.00, -0.20, -2.14, 1.56
-3.29, 1.81, -8.98, -0.14, -1.91, 1.53
-2.96, 1.61, -8.93, -0.14, -1.67, 1.51
-2.90, 1.77, -8.91, -0.16, -1.50, 1.50
-3.01, 1.93, -9.11, -0.15, -1.52, 1.45
-3.20, 1.71, -9.17, -0.14, -1.60, 1.34
-3.99, 1.48, -9.23, -0.20, -1.64, 1.18
-4.26, 1.63, -8.81, -0.30, -1.49, 1.03
-4.31, 2.32, -8.69, -0.32, -1.09, 0.93
-4.00, 2.70, -9.11, -0.23, -0.74, 0.83
-4.76, 2.27, -9.36, -0.19, -0.92, 0.58
-5.76, 2.08, -9.12, -0.25, -1.20, 0.24
-6.57, 2.83, -8.86, -0.25, -0.96, -0.06
-6.64, 3.57, -8.79, -0.13, -0.29, -0.22
-5.97, 3.31, -8.70, 0.03, 0.27, -0.29
-5.08, 2.49, -8.88, 0.11, 0.44, -0.32
-4.45, 1.68, -8.93, 0.10, 0.33, -0.36
-3.96, 1.23, -8.84, -0.00, 0.25, -0.39
-3.67, 1.32, -8.91, -0.12, 0.30, -0.37
-3.48, 1.77, -8.87, -0.17, 0.38, -0.32
-3.16, 2.02, -8.93, -0.15, 0.38, -0.27
-3.26, 1.92, -9.06, -0.13, 0.26, -0.25
-3.55, 1.87, -9.05, -0.14, 0.14, -0.25
-3.76, 1.92, -9.08, -0.17, 0.18, -0.25
-3.79, 2.12, -9.05, -0.16, 0.36, -0.22
-3.59, 2.29, -9.02, -0.12, 0.49, -0.19
-3.58, 2.34, -9.08, -0.06, 0.45, -0.20
-3.77, 2.09, -9.27, -0.04, 0.39, -0.26
-3.66, 2.05, -9.29, -0.03, 0.52, -0.31
-3.34, 1.87, -9.17, -0.06, 0.68, -0.35
-3.44, 1.88, -9.27, -0.08, 0.64, -0.45
-3.74, 2.06, -9.35, -0.08, 0.53, -0.60
-3.73, 2.15, -9.21, -0.07, 0.66, -0.72
-3.58, 2.18, -9.25, -0.06, 0.89, -0.85
-3.68, 2.40, -9.36, -0.03, 0.93, -1.03
-3.77, 2.50, -9.31, 0.03, 0.88, -1.24
-3.43, 2.35, -9.26, 0.09, 1.01, -1.39
-3.15, 1.95, -9.24, 0.13, 1.22, -1.47
-3.15, 1.64, -9.29, 0.13, 1.23, -1.57
-3.43, 1.50, -9.38, 0.09, 1.13, -1.66
-3.62, 1.67, -9.17, 0.06, 1.27, -1.70
-3.22, 1.56, -9.14, 0.07, 1.61, -1.66
-2.80, 1.40, -9.08, 0.08, 1.86, -1.60
-2.63, 1.28, -9.29, 0.06, 1.83, -1.56
-2.59, 1.09, -9.05, 0.00, 1.82, -1.57
-1.47, 1.02, -8.86, -0.06, 2.14, -1.53
-0.08, 0.96, -8.97, -0.10, 2.47, -1.34
0.92, 0.92, -9.20, -0.13, 2.32, -1.21
0.85, 0.77, -9.21, -0.20, 1.84, -1.17
1.04, 0.88, -9.09, -0.28, 1.63, -1.10
1.67, 1.12, -9.11, -0.31, 1.92, -0.95
2.56, 1.19, -9.09, -0.30, 2.06, -0.78
3.27, 1.25, -9.45, -0.27, 1.83, -0.70
3.28, 1.00, -9.32, -0.30, 1.41, -0.68
3.09, 1.24, -9.20, -0.38, 1.20, -0.69
3.44, 1.63, -9.44, -0.37, 1.36, -0.60
4.02, 1.72, -9.34, -0.34, 1.41, -0.53
3.91, 1.77, -9.27, -0.33, 1.08, -0.55
3.16, 1.83, -9.27, -0.33, 0.71, -0.63
2.55, 2.14, -9.14, -0.30, 0.79, -0.64
2.85, 2.06, -9.20, -0.26, 1.27, -0.54
3.58, 1.69, -9.17, -0.26, 1.51, -0.48
3.59, 1.63, -9.04, -0.33, 1.20, -0.53
2.99, 1.93, -8.95, -0.39, 0.85, -0.62
2.74, 2.09, -8.71, -0.39, 1.06, -0.61
3.90, 2.25, -8.63, -0.40, 1.76, -0.46
4.93, 2.05, -8.63, -0.38, 1.97, -0.40
5.34, 2.03, -8.50, -0.44, 1.46, -0.47
5.65, 2.38, -8.31, -0.49, 1.05, -0.52
5.70, 2.83, -8.25, -0.46, 1.15, -0.47
6.49, 2.82, -8.35, -0.39, 1.49, -0.35
7.21, 2.57, -8.45, -0.36, 1.35, -0.33
7.38, 2.64, -8.21, -0.45, 0.79, -0.39
7.22, 3.12, -8.19, -0.46, 0.44, -0.43
6.96, 3.69, -8.10, -0.37, 0.52, -0.34
7.00, 3.77, -8.06, -0.27, 0.57, -0.28
6.97, 3.51, -8.10, -0.19, 0.40, -0.27
6.92, 3.20, -8.03, -0.19, 0.14, -0.27
6.76, 3.17, -7.93, -0.21, 0.03, -0.22
6.64, 3.52, -7.88, -0.22, 0.04, -0.13
6.44, 3.69, -7.87, -0.16, -0.00, -0.06
6.35, 3.72, -7.98, -0.10, -0.10, -0.01
6.23, 3.58, -7.94, -0.05, -0.16, 0.04
6.06, 3.48, -7.89, -0.04, -0.21, 0.08
6.00, 3.51, -7.97, -0.02, -0.22, 0.11
5.98, 3.47, -7.92, 0.00, -0.22, 0.14
6.13, 3.55, -8.05, 0.03, -0.24, 0.17
6.39, 3.51, -7.92, 0.06, -0.26, 0.26
6.59, 3.53, -8.04, 0.10, -0.36, 0.27
6.51, 3.41, -8.18, 0.13, -0.50, 0.27
6.31, 3.49, -8.10, 0.13, -0.73, 0.27
6.29, 3.40, -8.16, 0.16, -0.83, 0.26
6.26, 3.32, -8.01, 0.19, -0.76, 0.32
6.21, 3.27, -7.98, 0.19, -0.77, 0.37
5.70, 3.35, -8.13, 0.20, -1.01, 0.36
5.15, 3.28, -8.36, 0.23, -1.22, 0.34
5.02, 3.17, -8.35, 0.25, -1.09, 0.41
5.30, 3.40, -8.45, 0.29, -0.73, 0.55
5.37, 3.35, -8.45, 0.36, -0.69, 0.61
5.24, 3.11, -8.62, 0.42, -1.01, 0.55
4.95, 2.70, -8.74, 0.45, -1.31, 0.49
4.87, 2.36, -8.83, 0.44, -1.26, 0.52
4.86, 2.29, -8.80, 0.41, -1.07, 0.63
4.69, 2.37, -8.83, 0.40, -1.17, 0.67
4.26, 2.37, -9.01, 0.42, -1.48, 0.63
4.02, 2.23, -8.96, 0.46, -1.60, 0.63
4.12, 2.21, -8.99, 0.48, -1.43, 0.72
3.91, 1.89, -9.00, 0.50, -1.37, 0.80
3.36, 1.58, -8.97, 0.50, -1.65, 0.76
2.84, 1.18, -9.15, 0.48, -1.92, 0.69
2.40, 0.89, -9.16, 0.43, -1.83, 0.70
2.21, 0.65, -9.23, 0.33, -1.59, 0.77
2.30, 0.89, -9.14, 0.24, -1.50, 0.82
1.65, 0.90, -9.27, 0.21, -1.79, 0.73
0.91, 0.90, -9.33, 0.20, -2.13, 0.57
0.72, 1.01, -9.17, 0.21, -1.99, 0.52
1.04, 1.29, -9.05, 0.21, -1.53, 0.61
0.74, 1.28, -9.32, 0.26, -1.51, 0.61
-0.03, 1.03, -9.40, 0.29, -2.04, 0.44
-0.23, 0.79, -9.26, 0.31, -2.31, 0.34
-0.11, 0.74, -8.97, 0.30, -2.02, 0.42
-0.40, 0.79, -8.88, 0.30, -1.77, 0.52
-1.47, 0.65, -9.18, 0.32, -2.05, 0.44
-2.20, 0.24, -9.13, 0.33, -2.39, 0.33
-2.26, 0.11, -8.89, 0.25, -2.22, 0.38
-2.64, 0.11, -8.93, 0.17, -1.86, 0.46
-3.38, -0.01, -8.83, 0.13, -1.79, 0.43
-3.52, -0.03, -8.95, 0.07, -1.89, 0.35
-4.08, -0.02, -8.91, 0.00, -1.90, 0.27
-4.58, 0.05, -8.84, -0.03, -1.76, 0.21
-5.13, 0.07, -8.71, -0.10, -1.68, 0.14
-5.74, 0.50, -8.47, -0.15, -1.60, 0.10
-6.33, 1.01, -8.74, -0.11, -1.43, 0.07
-7.17, 1.08, -8.68, -0.02, -1.20, 0.03
-7.07, 0.80, -8.56, 0.02, -0.90, 0.03
-6.72, 0.53, -8.50, 0.01, -0.57, 0.07
-6.37, 0.40, -8.50, -0.02, -0.40, 0.11
-6.54, 0.55, -8.59, -0.06, -0.42, 0.11
-6.59, 0.71, -8.40, -0.06, -0.35, 0.10
-6.31, 0.90, -8.37, -0.04, -0.08, 0.09
-6.00, 0.79, -8.36, -0.01, 0.14, 0.08
-5.64, 0.63, -8.39, -0.00, 0.15, 0.03
-5.53, 0.54, -8.41, -0.02, 0.09, -0.03
-5.34, 0.70, -8.56, -0.05, 0.15, -0.06
-5.16, 0.74, -8.47, -0.03, 0.29, -0.06
-5.09, 0.70, -8.54, -0.02, 0.31, -0.06
-5.16, 0.49, -8.58, -0.02, 0.28, -0.08
-5.04, 0.37, -8.54, -0.05, 0.31, -0.07
-4.96, 0.44, -8.61, -0.10, 0.42, -0.05
-4.93, 0.63, -8.50, -0.11, 0.47, -0.04
-4.79, 0.86, -8.54, -0.09, 0.47, -0.04
-4.70, 0.79, -8.71, -0.03, 0.52, -0.04
-4.72, 0.58, -8.64, -0.04, 0.59, -0.03
-4.61, 0.45, -8.71, -0.07, 0.63, -0.03
-4.48, 0.57, -8.73, -0.09, 0.66, -0.03
-4.47, 0.61, -8.88, -0.08, 0.71, -0.04
-4.52, 0.66, -8.88, -0.08, 0.72, -0.07
-4.49, 0.66, -9.03, -0.08, 0.79, -0.11
-4.37, 0.62, -8.92, -0.08, 0.89, -0.16
-4.53, 0.54, -9.05, -0.10, 0.92, -0.25
-4.50, 0.53, -9.05, -0.12, 0.96, -0.33
-4.34, 0.60, -9.08, -0.14, 1.09, -0.39
-4.02, 0.63, -9.07, -0.15, 1.24, -0.45
-3.66, 0.62, -9.08, -0.15, 1.30, -0.51
-3.53, 0.58, -9.18, -0.16, 1.28, -0.58
-3.58, 0.58, -9.21, -0.19, 1.27, -0.65
-3.28, 0.68, -9.18, -0.21, 1.42, -0.68
-2.94, 0.62, -9.31, -0.21, 1.56, -0.69
-2.62, 0.68, -9.33, -0.20, 1.57, -0.70
-2.32, 0.56, -9.20, -0.21, 1.54, -0.71
-2.13, 0.59, -9.22, -0.23, 1.56, -0.71
-1.77, 0.66, -9.29, -0.27, 1.69, -0.70
-1.30, 0.72, -9.34, -0.26, 1.77, -0.69
-0.79, 0.70, -9.25, -0.25, 1.79, -0.67
-0.26, 0.66, -9.32, -0.25, 1.73, -0.65
0.23, 0.70, -9.38, -0.26, 1.69, -0.63
1.18, 0.87, -9.44, -0.27, 1.71, -0.58
1.80, 0.95, -9.37, -0.28, 1.60, -0.57
1.92, 1.24, -9.56, -0.27, 1.32, -0.64
1.58, 1.43, -9.66, -0.23, 1.13, -0.73
1.38, 1.48, -9.61, -0.18, 1.19, -0.77
1.48, 1.19, -9.45, -0.16, 1.32, -0.79
1.42, 0.98, -9.53, -0.21, 1.31, -0.81
1.69, 1.04, -9.51, -0.27, 1.30, -0.81
1.85, 1.13, -9.37, -0.32, 1.28, -0.79
1.50, 1.27, -9.43, -0.35, 1.19, -0.80
0.99, 1.38, -9.23, -0.37, 1.19, -0.84
1.18, 1.44, -9.12, -0.39, 1.50, -0.84
2.08, 1.48, -8.97, -0.40, 1.93, -0.77
2.74, 1.41, -8.85, -0.42, 1.89, -0.78
2.66, 1.52, -8.63, -0.46, 1.53, -0.84
2.86, 1.86, -8.65, -0.50, 1.55, -0.84
3.35, 1.97, -8.64, -0.51, 1.94, -0.75
3.99, 1.98, -8.46, -0.54, 2.13, -0.70
5.09, 2.41, -8.12, -0.58, 2.01, -0.66
5.75, 3.03, -8.10, -0.55, 1.89, -0.58
6.34, 3.44, -7.98, -0.44, 1.82, -0.47
6.97, 3.51, -8.05, -0.31, 1.75, -0.37
7.65, 3.15, -8.13, -0.21, 1.60, -0.30
7.87, 2.87, -8.10, -0.18, 1.27, -0.28
7.86, 2.77, -7.93, -0.21, 0.98, -0.26
7.63, 3.06, -7.92, -0.21, 0.80, -0.21
7.48, 3.22, -7.88, -0.17, 0.70, -0.14
7.58, 3.02, -7.91, -0.12, 0.69, -0.07
7.55, 2.77, -7.82, -0.11, 0.57, -0.04
7.57, 2.74, -7.94, -0.15, 0.37, -0.04
7.39, 2.89, -7.76, -0.17, 0.24, -0.03
7.31, 3.18, -7.64, -0.14, 0.20, -0.00
7.27, 3.37, -7.64, -0.08, 0.15, 0.02
7.13, 3.37, -7.65, 0.01, 0.04, 0.03
6.99, 3.11, -7.50, 0.07, -0.05, 0.03
6.87, 2.71, -7.61, 0.08, -0.05, 0.02
6.85, 2.47, -7.64, 0.05, -0.02, 0.04
6.96, 2.44, -7.60, 0.04, -0.03, 0.03
6.94, 2.55, -7.67, 0.02, -0.19, -0.01
6.79, 2.63, -7.61, 0.03, -0.38, -0.06
6.52, 2.66, -7.71, 0.03, -0.47, -0.06
6.56, 2.77, -7.71, 0.03, -0.39, -0.01
6.66, 2.82, -7.73, 0.03, -0.30, 0.06
6.73, 2.94, -7.83, 0.03, -0.38, 0.10
6.82, 3.09, -7.82, 0.07, -0.55, 0.12
6.86, 3.16, -7.82, 0.13, -0.64, 0.16
6.92, 3.09, -7.90, 0.15, -0.66, 0.25
7.00, 3.17, -7.91, 0.16, -0.73, 0.35
6.76, 3.28, -8.11, 0.20, -0.88, 0.45
6.59, 3.31, -8.03, 0.26, -1.06, 0.54
6.15, 3.13, -8.13, 0.34, -1.13, 0.65
6.15, 2.74, -8.18, 0.39, -1.05, 0.78
6.11, 2.47, -8.30, 0.40, -0.96, 0.90
5.93, 2.21, -8.29, 0.38, -1.07, 0.93
5.56, 1.96, -8.50, 0.39, -1.33, 0.88
5.20, 1.79, -8.65, 0.39, -1.47, 0.86
4.74, 1.46, -8.64, 0.37, -1.42, 0.89
4.49, 1.26, -8.71, 0.33, -1.29, 0.92
4.40, 1.10, -8.76, 0.30, -1.19, 0.93
4.47, 1.07, -8.88, 0.26, -1.21, 0.92
4.27, 1.02, -9.05, 0.23, -1.36, 0.88
4.02, 0.88, -9.05, 0.21, -1.54, 0.83
3.54, 0.94, -9.10, 0.18, -1.57, 0.84
3.37, 0.93, -9.20, 0.18, -1.46, 0.91
3.38, 0.83, -9.16, 0.18, -1.36, 0.99
3.04, 0.66, -9.44, 0.15, -1.44, 1.03
2.70, 0.48, -9.34, 0.11, -1.64, 1.02
2.28, 0.49, -9.28, 0.07, -1.68, 0.99
2.44, 0.71, -9.26, 0.06, -1.44, 1.03
2.63, 0.82, -9.15, 0.08, -1.25, 1.06
2.56, 0.74, -9.37, 0.10, -1.43, 1.00
2.00, 0.40, -9.54, 0.11, -1.83, 0.88
1.74, 0.17, -9.37, 0.08, -1.98, 0.82
1.91, 0.26, -9.21, 0.03, -1.79, 0.89
1.70, 0.34, -9.09, 0.00, -1.74, 0.94
1.14, 0.34, -9.15, -0.02, -2.10, 0.86
0.94, 0.34, -8.92, -0.04, -2.49, 0.76
0.73, 0.70, -8.55, -0.04, -2.54, 0.75
-0.23, 0.96, -8.30, 0.01, -2.56, 0.75
-1.56, 1.01, -8.61, 0.08, -2.81, 0.65
-2.75, 0.82, -8.58, 0.12, -2.98, 0.55
-3.93, 0.68, -8.51, 0.15, -2.76, 0.50
-4.70, 0.58, -8.60, 0.11, -2.34, 0.49
-5.48, 0.70, -8.77, 0.12, -2.00, 0.46
-6.37, 0.57, -8.90, 0.14, -1.87, 0.37
-7.25, 0.08, -8.87, 0.12, -1.75, 0.28
-7.59, -0.07, -8.76, 0.05, -1.43, 0.25
-7.49, 0.40, -8.48, -0.01, -0.91, 0.32
-6.79, 0.90, -8.54, 0.03, -0.41, 0.40
-5.94, 0.78, -8.63, 0.10, -0.21, 0.44
-5.32, 0.34, -8.92, 0.11, -0.27, 0.42
-5.26, -0.04, -8.84, 0.04, -0.40, 0.39
-5.11, 0.11, -8.57, -0.07, -0.39, 0.34
-4.95, 0.69, -8.50, -0.10, -0.20, 0.28
-4.64, 0.94, -8.60, -0.05, -0.11, 0.21
-4.59, 0.84, -8.74, -0.01, -0.22, 0.14
-4.84, 0.57, -8.67, -0.01, -0.31, 0.09
-4.92, 0.42, -8.72, -0.05, -0.22, 0.06
-5.12, 0.56, -8.62, -0.08, -0.07, -0.00
-5.04, 0.72, -8.55, -0.08, 0.00, -0.08
-5.13, 0.82, -8.75, -0.05, 0.01, -0.12
-5.50, 0.56, -8.70, -0.04, 0.03, -0.17
-5.49, 0.35, -8.71, -0.07, 0.17, -0.18
-5.32, 0.43, -8.61, -0.09, 0.34, -0.15
-5.25, 0.46, -8.60, -0.09, 0.40, -0.12
-5.22, 0.56, -8.71, -0.08, 0.43, -0.10
-5.28, 0.47, -8.65, -0.08, 0.53, -0.08
-5.08, 0.32, -8.61, -0.10, 0.69, -0.05
-4.69, 0.38, -8.69, -0.14, 0.79, -0.03
-4.61, 0.37, -8.78, -0.15, 0.76, -0.05
-4.50, 0.37, -8.88, -0.17, 0.70, -0.11
-4.72, 0.41, -8.92, -0.19, 0.74, -0.18
-4.93, 0.55, -8.86, -0.20, 0.84, -0.24
-4.78, 0.51, -8.90, -0.19, 0.97, -0.29
-4.60, 0.54, -8.91, -0.20, 1.08, -0.33
-4.55, 0.53, -9.01, -0.21, 1.13, -0.37
-4.49, 0.39, -9.08, -0.24, 1.17, -0.45
-4.36, 0.43, -9.00, -0.26, 1.32, -0.49
-3.82, 0.66, -8.93, -0.28, 1.50, -0.50
-3.30, 0.83, -9.06, -0.27, 1.61, -0.50
-2.76, 0.94, -9.12, -0.23, 1.62, -0.50
-2.32, 0.73, -9.32, -0.22, 1.62, -0.52
-1.92, 0.66, -9.33, -0.25, 1.61, -0.57
-1.82, 0.62, -9.34, -0.28, 1.52, -0.67
-2.04, 0.70, -9.38, -0.31, 1.46, -0.80
-2.15, 0.85, -9.22, -0.34, 1.52, -0.87
-2.36, 0.97, -9.22, -0.33, 1.65, -0.92
-2.59, 0.81, -9.24, -0.35, 1.85, -1.00
-2.33, 0.79, -9.08, -0.40, 2.08, -1.10
-1.64, 0.86, -8.71, -0.47, 2.33, -1.22
-0.65, 1.06, -8.54, -0.52, 2.50, -1.30
0.91, 1.48, -8.55, -0.53, 2.58, -1.27
2.53, 1.84, -8.75, -0.49, 2.56, -1.13
3.73, 1.97, -9.04, -0.45, 2.34, -0.98
3.72, 1.68, -9.21, -0.44, 1.89, -0.92
3.35, 1.49, -9.36, -0.48, 1.54, -0.94
3.11, 1.52, -9.00, -0.53, 1.54, -0.91
3.62, 1.75, -8.97, -0.58, 1.71, -0.82
3.95, 2.12, -8.89, -0.58, 1.65, -0.73
3.76, 2.29, -8.98, -0.56, 1.37, -0.70
3.21, 2.30, -8.90, -0.55, 1.17, -0.71
3.14, 2.49, -8.79, -0.55, 1.42, -0.66
3.89, 2.61, -8.57, -0.56, 1.87, -0.58
4.73, 2.64, -8.54, -0.53, 1.91, -0.56
5.22, 2.52, -8.31, -0.54, 1.59, -0.59
4.97, 2.57, -8.25, -0.59, 1.28, -0.63
4.89, 3.11, -8.13, -0.61, 1.34, -0.60
5.19, 3.49, -8.13, -0.55, 1.56, -0.50
5.58, 3.53, -7.98, -0.47, 1.57, -0.46
5.81, 3.51, -7.80, -0.42, 1.39, -0.47
6.00, 3.57, -7.84, -0.39, 1.28, -0.49
6.62, 3.97, -7.88, -0.35, 1.39, -0.45
7.76, 3.99, -7.67, -0.22, 1.51, -0.35
