0.95, 2.25, -8.75, 0.28, -2.03, 0.24
0.55, 2.48, -8.98, 0.31, -2.18, 0.27
0.44, 2.60, -8.60, 0.37, -2.35, 0.30
0.07, 2.63, -8.70, 0.39, -2.35, 0.42
-0.19, 2.47, -8.66, 0.44, -2.22, 0.56
-0.16, 2.40, -8.32, 0.44, -2.25, 0.64
-0.32, 2.34, -8.22, 0.42, -2.40, 0.70
-0.36, 2.27, -7.89, 0.46, -2.51, 0.76
-0.44, 2.31, -7.80, 0.41, -2.61, 0.84
-1.01, 2.25, -7.88, 0.42, -2.74, 0.90
-2.02, 2.16, -7.76, 0.46, -3.08, 0.87
-3.57, 1.99, -7.24, 0.50, -3.43, 0.79
-4.87, 1.71, -7.15, 0.44, -3.38, 0.77
-6.31, 1.60, -7.30, 0.36, -2.95, 0.75
-7.06, 1.66, -7.48, 0.30, -2.44, 0.67
-7.36, 1.71, -7.42, 0.30, -2.15, 0.55
-7.33, 1.74, -7.28, 0.31, -2.06, 0.43
-7.57, 1.77, -7.17, 0.30, -1.96, 0.36
-7.85, 1.83, -7.28, 0.29, -1.74, 0.32
-7.90, 1.78, -7.20, 0.32, -1.46, 0.32
-8.01, 1.57, -7.17, 0.31, -1.27, 0.33
-7.95, 1.21, -6.87, 0.29, -1.19, 0.35
-8.08, 0.87, -6.79, 0.11, -1.18, 0.37
-8.36, 0.88, -6.63, -0.04, -1.03, 0.42
-8.34, 1.40, -6.53, -0.19, -0.76, 0.47
-8.53, 1.84, -6.67, -0.23, -0.55, 0.46
-8.70, 2.24, -6.65, -0.19, -0.53, 0.36
-9.00, 2.51, -6.84, -0.13, -0.51, 0.23
-8.93, 2.42, -6.70, -0.03, -0.30, 0.18
-8.43, 2.25, -6.48, 0.00, 0.01, 0.19
-7.99, 2.01, -6.24, -0.02, 0.14, 0.19
-8.03, 1.99, -6.37, -0.09, 0.09, 0.11
-8.13, 1.90, -6.30, -0.09, 0.12, 0.06
-7.90, 1.98, -6.33, -0.14, 0.28, 0.04
-7.93, 2.20, -6.37, -0.20, 0.42, 0.00
-8.22, 2.29, -6.60, -0.20, 0.49, -0.07
-8.72, 2.40, -6.47, -0.17, 0.58, -0.15
-8.65, 2.17, -6.47, -0.17, 0.74, -0.24
-8.30, 2.01, -6.50, -0.22, 1.03, -0.28
-8.17, 2.08, -6.69, -0.27, 1.28, -0.31
-8.04, 2.09, -6.88, -0.33, 1.44, -0.38
-7.61, 2.24, -6.88, -0.31, 1.64, -0.43
-7.03, 2.31, -6.91, -0.34, 1.77, -0.46
-6.75, 2.41, -7.02, -0.33, 1.87, -0.50
-6.65, 2.49, -7.15, -0.28, 1.95, -0.54
-6.05, 2.50, -7.24, -0.27, 2.10, -0.56
-5.63, 2.49, -7.35, -0.27, 2.25, -0.56
-5.69, 2.52, -7.48, -0.25, 2.28, -0.61
-5.33, 2.51, -7.58, -0.18, 2.36, -0.67
-4.45, 2.42, -7.64, -0.18, 2.53, -0.67
-4.00, 2.32, -7.72, -0.20, 2.62, -0.66
-3.73, 2.43, -7.78, -0.17, 2.56, -0.70
-3.37, 2.54, -7.84, -0.17, 2.50, -0.72
-2.87, 2.54, -7.99, -0.12, 2.57, -0.69
-2.73, 2.61, -7.99, -0.11, 2.58, -0.70
-2.47, 2.41, -8.35, -0.01, 2.62, -0.72
-1.82, 2.36, -8.21, 0.01, 2.70, -0.73
-1.00, 2.09, -8.20, 0.01, 2.76, -0.71
-0.50, 2.09, -8.25, -0.03, 2.69, -0.70
-0.15, 2.02, -8.27, -0.03, 2.54, -0.73
-0.03, 2.08, -8.40, -0.07, 2.44, -0.76
0.59, 1.98, -8.50, -0.06, 2.54, -0.73
1.30, 1.97, -8.29, -0.13, 2.71, -0.65
2.30, 2.02, -8.36, -0.17, 2.81, -0.57
3.10, 1.98, -8.28, -0.22, 2.64, -0.54
3.91, 1.87, -8.40, -0.27, 2.36, -0.53
4.41, 1.81, -8.50, -0.32, 2.07, -0.51
4.72, 1.84, -8.20, -0.39, 1.82, -0.48
4.92, 1.85, -8.14, -0.49, 1.60, -0.46
4.57, 2.15, -8.38, -0.58, 1.49, -0.45
4.33, 2.35, -8.64, -0.59, 1.46, -0.44
4.30, 2.50, -8.39, -0.56, 1.48, -0.43
4.60, 2.58, -8.28, -0.58, 1.50, -0.39
4.88, 2.58, -8.10, -0.58, 1.47, -0.37
4.96, 2.52, -8.08, -0.62, 1.36, -0.37
4.93, 2.34, -7.90, -0.66, 1.28, -0.35
4.90, 2.04, -7.66, -0.74, 1.24, -0.29
4.66, 1.80, -7.57, -0.87, 1.29, -0.19
4.71, 1.85, -7.44, -1.04, 1.39, -0.06
5.33, 2.25, -7.25, -1.20, 1.54, 0.07
6.22, 3.01, -7.18, -1.33, 1.64, 0.16
7.06, 3.68, -6.99, -1.32, 1.60, 0.18
7.72, 4.48, -6.70, -1.23, 1.28, 0.11
7.70, 4.89, -6.81, -1.04, 0.95, 0.01
7.75, 5.42, -6.72, -0.92, 0.79, -0.06
7.74, 5.71, -6.66, -0.73, 0.72, -0.12
7.96, 5.74, -6.83, -0.51, 0.65, -0.15
8.37, 5.36, -6.53, -0.38, 0.48, -0.17
8.56, 5.18, -6.23, -0.34, 0.27, -0.16
8.48, 5.28, -6.23, -0.27, 0.09, -0.12
7.96, 5.26, -6.15, -0.21, -0.07, -0.10
7.73, 5.03, -6.18, -0.14, -0.15, -0.08
7.65, 5.04, -5.97, -0.14, -0.21, -0.04
7.67, 5.25, -6.15, -0.12, -0.31, 0.03
7.57, 5.27, -6.17, -0.04, -0.41, 0.11
7.73, 4.96, -6.00, -0.01, -0.50, 0.19
7.89, 4.93, -5.94, -0.06, -0.59, 0.28
8.09, 5.15, -6.06, -0.08, -0.71, 0.39
8.39, 5.36, -6.27, -0.02, -0.87, 0.51
8.36, 5.17, -6.07, 0.03, -1.07, 0.63
8.49, 4.84, -5.92, -0.01, -1.24, 0.72
8.30, 4.85, -6.10, -0.09, -1.43, 0.79
7.66, 5.19, -6.46, -0.07, -1.61, 0.81
7.18, 5.26, -6.53, 0.04, -1.73, 0.79
6.97, 5.17, -6.38, 0.12, -1.80, 0.76
6.41, 4.87, -6.68, 0.18, -1.90, 0.70
5.83, 4.75, -7.08, 0.24, -1.99, 0.61
5.31, 4.33, -7.17, 0.34, -2.00, 0.55
5.01, 4.06, -7.38, 0.36, -1.93, 0.50
5.11, 3.82, -7.37, 0.39, -1.88, 0.45
4.86, 3.70, -7.54, 0.35, -2.02, 0.37
4.11, 3.39, -7.86, 0.38, -2.13, 0.30
3.53, 3.39, -7.92, 0.35, -2.14, 0.24
3.05, 3.29, -8.09, 0.38, -2.04, 0.23
2.98, 3.20, -8.28, 0.36, -1.99, 0.20
2.56, 3.18, -8.22, 0.39, -2.04, 0.14
2.06, 3.17, -8.34, 0.40, -2.12, 0.09
1.58, 3.16, -8.69, 0.43, -2.12, -0.00
1.53, 3.10, -8.45, 0.45, -2.01, 0.06
1.37, 2.87, -8.58, 0.49, -2.02, 0.08
0.95, 2.72, -8.60, 0.49, -2.07, 0.07
0.60, 2.59, -8.67, 0.50, -2.16, 0.05
0.17, 2.43, -8.56, 0.49, -2.13, 0.08
-0.03, 2.42, -8.64, 0.45, -2.02, 0.12
-0.08, 2.42, -8.69, 0.44, -1.97, 0.15
-0.34, 2.40, -8.63, 0.44, -2.06, 0.16
-0.75, 2.38, -8.72, 0.46, -2.20, 0.14
-1.52, 2.28, -8.73, 0.49, -2.31, 0.13
-2.18, 2.06, -8.63, 0.50, -2.31, 0.13
-2.64, 1.86, -8.63, 0.47, -2.20, 0.15
-3.07, 1.86, -8.76, 0.44, -2.02, 0.19
-3.39, 1.76, -8.79, 0.40, -1.91, 0.21
-3.79, 1.77, -8.72, 0.40, -1.90, 0.18
-4.14, 1.75, -8.64, 0.40, -1.87, 0.16
-4.10, 1.63, -8.52, 0.39, -1.72, 0.17
-4.02, 1.57, -8.39, 0.33, -1.55, 0.22
-4.08, 1.60, -8.32, 0.30, -1.48, 0.26
-4.06, 1.54, -8.24, 0.28, -1.53, 0.26
-4.29, 1.55, -8.19, 0.26, -1.53, 0.27
-4.34, 1.44, -7.94, 0.24, -1.46, 0.30
-4.42, 1.50, -7.96, 0.17, -1.41, 0.34
-4.67, 1.56, -8.03, 0.14, -1.42, 0.35
-5.13, 1.46, -7.89, 0.12, -1.55, 0.30
-5.92, 1.42, -7.88, 0.11, -1.60, 0.24
-6.49, 1.23, -7.56, 0.10, -1.44, 0.22
-6.64, 1.07, -7.44, 0.02, -1.16, 0.25
-6.49, 0.99, -7.39, -0.09, -0.89, 0.30
-6.51, 1.25, -7.32, -0.18, -0.81, 0.30
-6.59, 1.40, -7.42, -0.19, -0.80, 0.26
-6.40, 1.46, -7.44, -0.19, -0.78, 0.21
-6.54, 1.42, -7.37, -0.22, -0.69, 0.20
-6.52, 1.50, -7.26, -0.27, -0.63, 0.18
-6.75, 1.64, -7.25, -0.30, -0.60, 0.13
-6.96, 1.77, -7.30, -0.29, -0.59, 0.07
-7.26, 1.83, -7.13, -0.27, -0.56, 0.00
-7.37, 1.96, -7.18, -0.27, -0.48, -0.04
-7.57, 2.03, -7.13, -0.26, -0.36, -0.07
-8.02, 2.05, -7.20, -0.23, -0.28, -0.13
-8.12, 2.09, -7.02, -0.21, -0.19, -0.18
-8.13, 2.11, -6.95, -0.20, -0.04, -0.20
-8.10, 2.12, -6.98, -0.20, 0.16, -0.20
-8.06, 2.03, -7.03, -0.17, 0.29, -0.22
-7.99, 1.92, -6.84, -0.18, 0.35, -0.25
-7.90, 1.85, -6.84, -0.22, 0.42, -0.26
-7.90, 1.94, -6.84, -0.27, 0.52, -0.27
-8.03, 2.03, -6.96, -0.29, 0.65, -0.29
-8.03, 2.05, -6.96, -0.29, 0.78, -0.31
-8.06, 2.06, -6.90, -0.31, 0.92, -0.33
-7.81, 2.01, -7.06, -0.33, 1.06, -0.32
-7.81, 2.13, -6.99, -0.36, 1.19, -0.31
-7.52, 2.27, -7.16, -0.38, 1.35, -0.30
-7.30, 2.38, -7.16, -0.37, 1.53, -0.29
-6.88, 2.50, -7.30, -0.36, 1.62, -0.28
-6.73, 2.50, -7.42, -0.31, 1.76, -0.28
-6.17, 2.39, -7.37, -0.28, 1.91, -0.28
-5.40, 2.36, -7.35, -0.30, 2.09, -0.26
-4.80, 2.42, -7.49, -0.30, 2.15, -0.23
-4.40, 2.40, -7.64, -0.27, 2.06, -0.23
-4.04, 2.32, -7.76, -0.25, 2.04, -0.23
-3.45, 2.22, -7.78, -0.26, 2.12, -0.19
-2.95, 2.27, -8.08, -0.29, 2.19, -0.16
-2.40, 2.32, -8.21, -0.30, 2.17, -0.16
-2.20, 2.30, -8.33, -0.29, 2.01, -0.19
-2.00, 2.26, -8.47, -0.27, 1.94, -0.20
-1.65, 2.30, -8.47, -0.30, 1.99, -0.19
-1.33, 2.43, -8.66, -0.32, 2.08, -0.17
-1.11, 2.50, -8.80, -0.30, 2.07, -0.18
-0.82, 2.59, -8.83, -0.27, 2.01, -0.21
-0.59, 2.49, -8.81, -0.25, 1.98, -0.23
-0.51, 2.45, -8.74, -0.27, 2.02, -0.22
-0.27, 2.42, -8.73, -0.29, 2.11, -0.22
0.23, 2.46, -8.72, -0.30, 2.23, -0.22
0.92, 2.55, -8.62, -0.32, 2.33, -0.21
1.66, 2.59, -8.62, -0.33, 2.32, -0.21
2.13, 2.53, -8.56, -0.34, 2.16, -0.24
2.51, 2.47, -8.53, -0.34, 1.93, -0.26
2.66, 2.42, -8.63, -0.40, 1.76, -0.26
2.81, 2.40, -8.47, -0.46, 1.72, -0.23
3.01, 2.48, -8.48, -0.53, 1.69, -0.20
3.28, 2.60, -8.49, -0.58, 1.62, -0.17
3.51, 2.77, -8.43, -0.62, 1.59, -0.16
3.57, 2.86, -8.36, -0.66, 1.42, -0.17
3.55, 3.06, -8.51, -0.68, 1.33, -0.19
3.75, 3.15, -8.28, -0.66, 1.35, -0.18
4.15, 3.29, -8.10, -0.73, 1.37, -0.17
4.49, 3.50, -8.22, -0.75, 1.34, -0.17
4.65, 3.78, -8.04, -0.76, 1.18, -0.22
4.48, 4.19, -8.01, -0.74, 1.00, -0.29
4.36, 4.51, -8.09, -0.65, 0.96, -0.30
4.58, 4.69, -8.02, -0.56, 1.05, -0.26
4.72, 4.69, -7.84, -0.48, 1.10, -0.23
5.09, 4.68, -7.69, -0.42, 1.03, -0.25
5.05, 4.63, -7.64, -0.39, 0.92, -0.29
5.04, 4.72, -7.56, -0.40, 0.89, -0.29
5.54, 4.92, -7.44, -0.38, 0.99, -0.24
5.97, 5.10, -7.07, -0.35, 1.03, -0.18
6.85, 5.42, -7.44, -0.30, 0.93, -0.17
7.24, 5.39, -7.18, -0.24, 0.73, -0.16
7.40, 5.14, -7.13, -0.16, 0.45, -0.16
7.21, 5.07, -7.01, -0.15, 0.23, -0.17
6.97, 5.02, -6.97, -0.15, 0.11, -0.14
6.76, 4.98, -6.99, -0.14, 0.06, -0.10
6.65, 5.05, -6.94, -0.13, 0.01, -0.05
6.80, 4.94, -6.78, -0.12, -0.06, 0.00
6.86, 5.04, -6.93, -0.13, -0.15, 0.06
6.91, 5.15, -6.86, -0.12, -0.26, 0.11
6.58, 5.11, -7.09, -0.08, -0.34, 0.18
6.66, 5.16, -7.06, -0.02, -0.42, 0.24
6.60, 5.20, -7.00, 0.02, -0.50, 0.29
6.62, 5.09, -7.04, 0.07, -0.60, 0.36
6.54, 4.98, -7.00, 0.08, -0.73, 0.42
6.20, 4.91, -7.17, 0.10, -0.81, 0.49
6.19, 4.89, -7.22, 0.16, -0.83, 0.58
6.33, 4.76, -7.15, 0.16, -0.94, 0.65
6.24, 4.59, -7.25, 0.17, -1.07, 0.71
6.11, 4.51, -7.27, 0.17, -1.21, 0.75
5.82, 4.38, -7.32, 0.16, -1.33, 0.75
5.55, 4.37, -7.36, 0.17, -1.42, 0.72
5.49, 4.35, -7.45, 0.19, -1.50, 0.69
5.27, 4.25, -7.56, 0.20, -1.62, 0.64
5.07, 4.21, -7.55, 0.23, -1.73, 0.58
4.75, 4.10, -7.64, 0.25, -1.84, 0.50
4.42, 3.99, -7.77, 0.26, -1.92, 0.43
4.15, 3.94, -7.87, 0.30, -1.98, 0.36
3.74, 3.83, -7.85, 0.33, -2.08, 0.29
3.32, 3.87, -8.37, 0.35, -2.15, 0.23
3.05, 3.45, -8.11, 0.34, -2.15, 0.15
2.75, 3.26, -8.18, 0.38, -2.17, 0.11
2.20, 3.30, -8.32, 0.33, -2.23, 0.03
1.85, 3.11, -8.43, 0.40, -2.25, 0.00
1.34, 3.09, -8.46, 0.34, -2.28, -0.03
1.13, 3.26, -8.53, 0.44, -2.29, -0.01
0.66, 2.71, -8.40, 0.33, -2.24, -0.02
0.26, 2.74, -8.47, 0.36, -2.22, -0.02
0.04, 2.71, -8.60, 0.31, -2.16, 0.01
-0.16, 2.65, -8.44, 0.30, -2.16, 0.02
-0.43, 2.59, -8.44, 0.29, -2.22, 0.02
-0.60, 2.53, -8.38, 0.27, -2.34, 0.02
-1.44, 2.51, -8.21, 0.26, -2.52, -0.01
-2.29, 2.47, -8.07, 0.26, -2.62, -0.02
-3.28, 2.48, -8.04, 0.24, -2.56, -0.02
-3.87, 2.45, -8.32, 0.23, -2.33, 0.01
-4.32, 2.48, -8.24, 0.22, -2.11, 0.02
-4.56, 2.52, -8.27, 0.22, -1.98, 0.01
-4.79, 2.39, -8.04, 0.23, -1.95, 0.00
-4.97, 2.39, -7.72, 0.20, -1.91, 0.02
-5.26, 2.36, -7.79, 0.15, -1.80, 0.07
-5.45, 2.42, -7.83, 0.11, -1.65, 0.14
-5.62, 2.49, -7.78, 0.09, -1.55, 0.18
-6.07, 2.47, -7.51, 0.09, -1.57, 0.18
-6.37, 2.50, -7.45, 0.08, -1.57, 0.19
-6.52, 2.50, -7.38, 0.02, -1.37, 0.28
-6.42, 2.59, -7.40, -0.01, -1.08, 0.35
-6.25, 2.64, -7.17, 0.00, -0.94, 0.35
-6.03, 2.53, -7.32, 0.01, -1.00, 0.28
-6.07, 2.37, -7.16, 0.01, -1.08, 0.20
-6.07, 2.38, -7.02, -0.05, -1.08, 0.15
-6.32, 2.36, -6.84, -0.10, -0.99, 0.14
-6.65, 2.62, -6.98, -0.13, -0.93, 0.11
-7.04, 2.67, -6.99, -0.10, -0.88, 0.05
-7.31, 2.73, -6.95, -0.10, -0.86, 0.00
-7.48, 2.76, -6.85, -0.09, -0.72, -0.01
-7.70, 2.92, -6.76, -0.10, -0.53, -0.00
-7.98, 3.05, -6.78, -0.07, -0.37, -0.02
-8.32, 3.01, -6.75, -0.01, -0.30, -0.08
-8.51, 2.85, -6.79, 0.03, -0.20, -0.12
-8.37, 2.71, -6.58, 0.04, 0.04, -0.11
-8.27, 2.59, -6.51, 0.02, 0.30, -0.10
-8.24, 2.40, -6.49, 0.03, 0.45, -0.13
-7.96, 2.27, -6.45, 0.01, 0.52, -0.20
-7.78, 2.14, -6.41, -0.03, 0.61, -0.24
-7.76, 2.12, -6.47, -0.11, 0.71, -0.27
-7.81, 2.25, -6.69, -0.14, 0.82, -0.30
-7.97, 2.37, -6.73, -0.14, 0.94, -0.33
-7.81, 2.32, -6.78, -0.15, 1.08, -0.34
-7.68, 2.34, -6.87, -0.16, 1.21, -0.33
-7.43, 2.33, -6.87, -0.17, 1.33, -0.32
-7.33, 2.36, -7.04, -0.17, 1.43, -0.32
-7.08, 2.37, -7.12, -0.17, 1.56, -0.30
-6.71, 2.37, -7.26, -0.17, 1.69, -0.28
-6.27, 2.41, -7.41, -0.17, 1.82, -0.25
-6.09, 2.39, -7.37, -0.15, 1.87, -0.22
-5.74, 2.35, -7.58, -0.13, 1.88, -0.20
-5.29, 2.27, -7.69, -0.13, 1.96, -0.15
-4.88, 2.26, -7.67, -0.16, 2.08, -0.10
-4.61, 2.28, -7.89, -0.16, 2.11, -0.07
-4.11, 2.40, -7.93, -0.14, 2.12, -0.05
-3.69, 2.41, -7.92, -0.14, 2.15, -0.01
-3.22, 2.37, -8.01, -0.14, 2.21, 0.03
-2.72, 2.31, -8.22, -0.16, 2.23, 0.06
-2.23, 2.50, -8.33, -0.19, 2.24, 0.09
-1.60, 2.69, -8.37, -0.16, 2.23, 0.12
-1.14, 2.71, -8.45, -0.15, 2.21, 0.15
-0.87, 2.70, -8.54, -0.08, 2.15, 0.17
-0.46, 2.56, -8.49, -0.07, 2.10, 0.14
-0.04, 2.50, -8.53, -0.06, 2.15, 0.15
0.44, 2.58, -8.63, -0.10, 2.25, 0.17
1.07, 2.58, -8.81, -0.07, 2.31, 0.19
1.59, 2.50, -8.84, -0.08, 2.20, 0.16
1.80, 2.26, -8.67, -0.08, 2.01, 0.09
1.78, 2.04, -8.71, -0.13, 1.91, 0.05
1.89, 1.91, -8.55, -0.20, 1.90, 0.02
1.84, 1.87, -8.53, -0.28, 1.95, -0.01
2.22, 1.96, -8.48, -0.34, 2.04, -0.04
2.72, 1.97, -8.26, -0.42, 2.06, -0.06
2.96, 1.98, -8.27, -0.49, 2.01, -0.09
3.17, 2.06, -8.23, -0.56, 1.94, -0.12
3.56, 2.22, -8.25, -0.63, 1.96, -0.11
4.32, 2.45, -8.31, -0.69, 2.01, -0.08
5.10, 2.66, -7.87, -0.74, 1.95, -0.08
5.77, 2.80, -7.59, -0.79, 1.74, -0.10
5.96, 3.16, -7.45, -0.86, 1.47, -0.16
5.93, 3.62, -7.74, -0.84, 1.32, -0.22
5.93, 3.92, -7.67, -0.77, 1.24, -0.29
5.94, 4.32, -7.62, -0.68, 1.10, -0.36
5.99, 4.32, -7.50, -0.57, 0.98, -0.42
5.79, 4.25, -7.45, -0.50, 0.88, -0.47
5.74, 4.17, -7.30, -0.46, 0.87, -0.50
5.98, 4.19, -7.28, -0.46, 0.91, -0.50
6.21, 4.23, -7.05, -0.46, 0.90, -0.49
6.34, 4.36, -7.11, -0.45, 0.78, -0.51
6.38, 4.31, -6.98, -0.46, 0.63, -0.54
6.60, 4.25, -6.92, -0.49, 0.60, -0.56
6.59, 4.37, -6.83, -0.56, 0.58, -0.62
6.57, 4.72, -6.78, -0.57, 0.50, -0.70
6.38, 4.98, -6.86, -0.52, 0.34, -0.79
6.01, 5.33, -6.80, -0.46, 0.24, -0.81
5.91, 5.40, -6.59, -0.44, 0.30, -0.75
6.24, 5.63, -6.77, -0.47, 0.45, -0.62
6.64, 5.98, -6.67, -0.40, 0.44, -0.53
6.72, 6.04, -6.52, -0.29, 0.22, -0.42
7.01, 6.00, -6.46, -0.25, 0.11, -0.30
7.13, 6.00, -6.44, -0.28, 0.08, -0.20
7.21, 6.12, -6.20, -0.23, -0.04, -0.08
7.12, 6.24, -6.28, -0.20, -0.22, 0.01
6.77, 6.29, -6.34, -0.14, -0.30, 0.11
6.88, 6.21, -6.39, -0.08, -0.33, 0.19
7.08, 6.06, -6.36, -0.04, -0.43, 0.26
7.02, 6.03, -6.26, -0.03, -0.59, 0.34
7.00, 6.01, -6.18, -0.01, -0.71, 0.41
6.76, 6.01, -6.36, 0.02, -0.80, 0.46
6.94, 5.97, -6.24, 0.06, -0.88, 0.50
7.10, 5.94, -6.24, 0.08, -1.01, 0.54
7.23, 5.95, -6.27, 0.10, -1.19, 0.55
7.02, 5.98, -6.45, 0.15, -1.38, 0.56
6.75, 5.90, -6.44, 0.23, -1.55, 0.56
6.31, 5.61, -6.61, 0.29, -1.71, 0.55
5.83, 5.37, -6.56, 0.33, -1.81, 0.54
5.38, 5.12, -6.70, 0.34, -1.91, 0.52
4.84, 4.86, -6.84, 0.34, -2.01, 0.49
4.46, 4.70, -7.09, 0.35, -2.04, 0.44
4.19, 4.52, -7.21, 0.36, -2.06, 0.40
3.89, 4.46, -7.26, 0.33, -2.10, 0.36
3.59, 4.42, -7.33, 0.34, -2.17, 0.30
3.15, 4.28, -7.60, 0.35, -2.24, 0.23
2.99, 4.09, -7.81, 0.37, -2.23, 0.19
2.81, 3.98, -7.60, 0.31, -2.28, 0.14
2.43, 3.91, -7.71, 0.26, -2.35, 0.09
1.96, 3.97, -7.75, 0.26, -2.40, 0.05
1.39, 3.95, -7.99, 0.28, -2.43, 0.01
0.80, 3.90, -8.11, 0.31, -2.41, -0.01
0.48, 3.72, -8.16, 0.29, -2.35, -0.05
0.22, 3.91, -7.98, 0.27, -2.33, -0.02
-0.06, 3.67, -8.09, 0.21, -2.31, 0.03
-0.31, 3.39, -8.12, 0.15, -2.22, 0.06
-0.50, 3.49, -8.08, 0.13, -2.21, 0.06
-0.78, 3.56, -8.10, 0.08, -2.23, 0.07
-1.09, 3.58, -8.02, 0.06, -2.31, 0.06
-1.67, 3.62, -8.04, 0.06, -2.32, 0.06
-1.96, 3.62, -7.85, 0.05, -2.25, 0.06
-2.33, 3.67, -7.72, 0.01, -2.23, 0.07
-2.67, 3.79, -7.56, -0.01, -2.26, 0.06
-3.42, 3.96, -7.80, 0.00, -2.29, 0.06
-3.85, 4.04, -7.74, 0.05, -2.20, 0.06
-4.26, 4.19, -7.73, 0.10, -2.03, 0.07
-4.24, 3.99, -7.38, 0.16, -1.90, 0.10
-4.30, 3.78, -7.28, 0.16, -1.91, 0.09
-4.41, 3.51, -7.21, 0.17, -1.94, 0.09
-4.77, 3.41, -6.97, 0.10, -1.98, 0.08
-5.16, 3.34, -6.82, 0.04, -1.96, 0.07
-5.87, 3.57, -6.65, -0.00, -1.93, 0.04
-6.61, 3.59, -6.80, -0.01, -1.90, 0.01
-7.30, 3.67, -6.71, 0.00, -1.79, -0.01
-7.83, 3.73, -6.67, -0.04, -1.61, -0.01
-8.38, 3.72, -6.57, -0.06, -1.39, -0.00
-8.55, 3.79, -6.39, -0.08, -1.15, -0.01
-8.48, 3.88, -6.34, -0.12, -0.87, 0.01
-8.26, 4.08, -6.30, -0.12, -0.59, 0.04
-7.93, 4.19, -6.34, -0.09, -0.45, 0.03
-7.95, 4.11, -6.28, -0.05, -0.45, -0.01
-8.03, 3.98, -6.08, -0.03, -0.42, -0.05
-7.99, 3.87, -5.91, -0.05, -0.24, -0.04
-7.74, 3.99, -6.11, -0.08, -0.01, -0.02
-7.58, 4.06, -6.07, -0.07, 0.10, -0.03
-7.61, 3.96, -6.17, -0.01, 0.11, -0.08
-7.39, 3.94, -5.95, 0.02, 0.12, -0.12
-7.43, 3.73, -6.02, -0.02, 0.21, -0.13
-7.45, 3.76, -6.11, -0.05, 0.36, -0.13
-7.47, 3.96, -6.26, -0.05, 0.50, -0.15
-7.62, 4.00, -6.47, 0.01, 0.58, -0.18
-7.84, 3.70, -6.45, 0.04, 0.63, -0.23
-7.83, 3.45, -6.26, 0.02, 0.77, -0.25
-7.61, 3.41, -6.24, -0.08, 1.03, -0.25
-7.44, 3.67, -6.48, -0.11, 1.26, -0.25
-7.40, 3.81, -6.68, -0.06, 1.35, -0.28
-7.33, 3.59, -6.79, 0.02, 1.38, -0.32
-7.08, 3.39, -6.73, 0.01, 1.49, -0.33
-6.81, 3.33, -6.63, -0.06, 1.72, -0.29
-6.45, 3.43, -6.86, -0.10, 1.93, -0.25
-6.23, 3.54, -7.00, -0.09, 2.00, -0.24
-5.69, 3.49, -7.09, -0.04, 2.03, -0.23
-5.34, 3.38, -7.14, -0.08, 2.08, -0.19
-5.16, 3.39, -7.29, -0.09, 2.20, -0.15
-4.76, 3.51, -7.34, -0.08, 2.30, -0.12
-4.16, 3.51, -7.27, -0.07, 2.37, -0.08
-3.78, 3.33, -7.40, -0.06, 2.38, -0.06
-3.52, 3.36, -7.56, -0.06, 2.36, -0.07
-2.94, 3.23, -7.67, -0.07, 2.40, -0.05
-2.39, 3.18, -7.75, -0.10, 2.48, -0.02
-1.69, 3.31, -7.86, -0.11, 2.50, 0.01
-1.27, 3.34, -8.02, -0.09, 2.39, 0.01
-0.93, 3.25, -8.19, -0.07, 2.24, -0.02
-0.68, 3.11, -8.15, -0.09, 2.18, -0.03
-0.34, 3.06, -8.08, -0.15, 2.23, -0.03
-0.11, 3.22, -8.10, -0.22, 2.30, -0.03
0.46, 3.40, -8.25, -0.22, 2.32, -0.05
0.62, 3.54, -8.23, -0.22, 2.27, -0.08
0.91, 3.58, -8.25, -0.19, 2.23, -0.11
1.30, 3.60, -8.40, -0.19, 2.31, -0.10
1.97, 3.53, -7.91, -0.22, 2.49, -0.07
3.08, 3.68, -7.75, -0.29, 2.59, -0.06
4.01, 4.05, -8.13, -0.29, 2.52, -0.05
4.47, 4.43, -8.29, -0.20, 2.13, -0.12
4.41, 4.12, -8.08, -0.10, 1.64, -0.15
4.27, 3.86, -8.19, -0.03, 1.46, -0.19
4.26, 3.45, -7.92, -0.10, 1.54, -0.18
4.21, 3.30, -7.64, -0.17, 1.58, -0.18
4.21, 3.22, -7.84, -0.26, 1.53, -0.24
4.37, 3.38, -7.71, -0.32, 1.60, -0.28
4.96, 3.54, -7.48, -0.39, 1.62, -0.30
5.36, 3.85, -7.44, -0.46, 1.62, -0.30
5.53, 4.21, -7.58, -0.43, 1.52, -0.34
5.72, 4.39, -7.54, -0.37, 1.32, -0.41
5.85, 4.63, -7.42, -0.30, 1.24, -0.45
6.08, 4.53, -7.18, -0.28, 1.22, -0.47
6.24, 4.55, -7.08, -0.24, 1.17, -0.49
6.26, 4.61, -7.12, -0.20, 1.03, -0.51
6.17, 4.54, -6.98, -0.19, 0.89, -0.50
6.04, 4.66, -6.89, -0.18, 0.83, -0.47
6.17, 4.64, -6.83, -0.19, 0.87, -0.40
6.33, 4.74, -6.59, -0.19, 0.91, -0.33
6.58, 4.78, -6.54, -0.19, 0.82, -0.31
6.93, 5.04, -6.48, -0.20, 0.68, -0.30
7.08, 5.31, -6.56, -0.17, 0.57, -0.28
7.30, 5.57, -6.61, -0.09, 0.45, -0.21
7.25, 5.56, -6.62, -0.02, 0.29, -0.15
7.29, 5.21, -6.53, 0.04, 0.19, -0.09
7.23, 5.15, -6.46, 0.03, 0.11, -0.06
7.40, 5.20, -6.43, 0.04, 0.03, -0.01
7.43, 5.09, -6.47, 0.06, -0.10, 0.04
7.57, 4.98, -6.40, 0.06, -0.23, 0.09
7.69, 4.91, -6.35, 0.03, -0.34, 0.14
7.70, 5.01, -6.46, 0.02, -0.44, 0.19
7.65, 5.13, -6.47, 0.04, -0.59, 0.24
7.61, 5.07, -6.38, 0.07, -0.73, 0.29
7.38, 4.94, -6.46, 0.07, -0.84, 0.33
7.17, 4.91, -6.63, 0.07, -0.93, 0.36
7.01, 4.88, -6.60, 0.09, -0.99, 0.39
7.03, 4.87, -6.70, 0.11, -1.07, 0.41
7.11, 4.84, -6.88, 0.13, -1.17, 0.42
6.96, 4.89, -7.03, 0.16, -1.31, 0.43
6.68, 4.79, -7.16, 0.21, -1.44, 0.43
6.47, 4.58, -7.13, 0.26, -1.52, 0.45
6.13, 4.30, -7.33, 0.28, -1.62, 0.46
5.97, 4.09, -7.36, 0.27, -1.71, 0.46
5.62, 3.99, -7.34, 0.25, -1.86, 0.42
5.09, 3.98, -7.53, 0.26, -2.00, 0.37
4.35, 3.95, -7.59, 0.28, -2.08, 0.31
4.12, 3.84, -7.76, 0.31, -2.07, 0.27
4.03, 3.79, -7.67, 0.31, -2.10, 0.24
3.56, 3.75, -7.87, 0.30, -2.23, 0.18
2.90, 3.57, -7.92, 0.35, -2.36, 0.10
2.31, 3.49, -8.02, 0.38, -2.40, 0.05
2.06, 3.39, -8.06, 0.38, -2.33, 0.04
1.65, 3.37, -8.16, 0.39, -2.33, 0.02
1.15, 3.23, -8.08, 0.41, -2.44, -0.01
0.56, 3.14, -8.32, 0.39, -2.57, -0.13
-0.06, 3.23, -8.26, 0.39, -2.49, -0.04
-0.40, 3.06, -8.34, 0.35, -2.37, 0.03
-0.96, 3.01, -8.38, 0.32, -2.22, 0.07
-1.43, 3.08, -8.58, 0.34, -2.18, 0.07
-1.75, 3.02, -8.69, 0.34, -2.10, 0.07
-1.71, 2.99, -8.62, 0.35, -1.95, 0.10
-1.59, 2.92, -8.56, 0.33, -1.84, 0.13
-1.62, 2.89, -8.54, 0.32, -1.88, 0.13
-2.02, 2.86, -8.53, 0.32, -1.96, 0.12
-2.19, 2.77, -8.44, 0.32, -1.95, 0.13
-2.22, 2.76, -8.40, 0.29, -1.86, 0.15
-2.47, 2.76, -8.27, 0.27, -1.85, 0.15
-2.77, 2.76, -8.33, 0.28, -1.92, 0.12
-3.08, 2.62, -8.12, 0.29, -1.96, 0.09
-3.28, 2.44, -8.08, 0.26, -1.91, 0.10
-3.50, 2.39, -7.82, 0.20, -1.82, 0.12
-3.70, 2.33, -7.69, 0.16, -1.80, 0.11
-4.00, 2.28, -7.53, 0.14, -1.86, 0.10
-4.30, 2.19, -7.35, 0.09, -1.92, 0.10
-4.77, 2.27, -7.39, -0.00, -1.89, 0.14
-5.52, 2.45, -7.40, -0.04, -1.83, 0.17
-6.46, 2.61, -7.30, -0.04, -1.84, 0.14
-7.61, 2.61, -7.30, 0.02, -1.82, 0.08
-8.32, 2.53, -7.38, 0.02, -1.64, 0.07
-8.70, 2.43, -7.10, -0.01, -1.24, 0.11
-8.59, 2.59, -7.03, -0.05, -0.73, 0.20
-7.94, 2.70, -7.06, -0.05, -0.35, 0.25
-7.23, 2.65, -7.04, -0.04, -0.30, 0.21
-6.93, 2.55, -6.83, -0.02, -0.49, 0.12
-6.97, 2.57, -6.61, -0.05, -0.59, 0.08
-7.03, 2.66, -6.77, -0.08, -0.47, 0.09
-7.13, 2.76, -6.85, -0.07, -0.29, 0.11
-6.89, 2.77, -6.82, -0.05, -0.23, 0.10
-6.63, 2.75, -6.69, -0.05, -0.31, 0.08
-6.94, 2.80, -6.59, -0.05, -0.40, 0.05
-7.35, 2.85, -6.71, -0.04, -0.39, 0.05
-7.51, 2.82, -6.69, -0.05, -0.26, 0.06
-7.54, 2.96, -6.65, -0.05, -0.10, 0.07
-7.64, 3.00, -6.63, -0.02, -0.05, 0.03
-7.87, 2.86, -6.69, 0.02, -0.02, -0.03
-8.14, 2.64, -6.65, 0.01, 0.05, -0.09
-8.19, 2.58, -6.58, -0.06, 0.21, -0.14
-8.39, 2.67, -6.67, -0.12, 0.43, -0.19
-8.51, 2.79, -6.72, -0.13, 0.65, -0.26
-8.54, 2.72, -6.73, -0.13, 0.83, -0.34
-8.32, 2.60, -6.63, -0.14, 1.00, -0.41
-7.86, 2.49, -6.64, -0.17, 1.22, -0.43
-7.42, 2.56, -6.78, -0.25, 1.39, -0.44
-7.30, 2.68, -6.93, -0.25, 1.50, -0.45
-7.08, 2.81, -6.87, -0.23, 1.57, -0.47
-6.56, 2.65, -7.03, -0.22, 1.73, -0.43
-6.26, 2.61, -7.01, -0.25, 1.88, -0.39
-5.83, 2.52, -7.22, -0.26, 2.00, -0.35
-5.41, 2.51, -7.23, -0.27, 2.07, -0.33
-4.85, 2.50, -7.40, -0.28, 2.13, -0.29
-4.37, 2.47, -7.50, -0.29, 2.15, -0.26
-4.24, 2.42, -7.60, -0.29, 2.13, -0.22
-3.92, 2.55, -7.79, -0.30, 2.11, -0.21
-3.55, 2.58, -7.83, -0.28, 2.14, -0.17
-3.11, 2.59, -8.04, -0.28, 2.17, -0.13
-2.78, 2.56, -8.07, -0.29, 2.15, -0.10
-2.60, 2.53, -8.17, -0.27, 2.09, -0.11
-2.23, 2.58, -8.28, -0.28, 2.07, -0.09
-1.87, 2.55, -8.41, -0.29, 2.12, -0.06
-1.66, 2.70, -8.43, -0.30, 2.12, -0.06
-1.39, 2.79, -8.67, -0.30, 2.10, -0.07
-1.16, 2.84, -8.58, -0.24, 2.07, -0.10
-0.98, 2.82, -8.70, -0.24, 2.04, -0.12
-0.88, 2.74, -8.61, -0.22, 2.09, -0.14
-0.42, 2.69, -8.59, -0.23, 2.22, -0.12
0.47, 2.79, -8.58, -0.26, 2.40, -0.08
1.28, 2.87, -8.46, -0.29, 2.42, -0.05
1.98, 2.90, -8.40, -0.31, 2.27, -0.06
2.24, 2.91, -8.47, -0.32, 2.00, -0.10
2.47, 3.13, -8.63, -0.33, 1.85, -0.12
2.56, 3.21, -8.49, -0.31, 1.83, -0.10
2.88, 3.20, -8.35, -0.33, 1.83, -0.09
3.00, 3.14, -8.28, -0.34, 1.78, -0.10
3.29, 3.17, -8.33, -0.37, 1.77, -0.11
3.83, 3.15, -8.15, -0.39, 1.82, -0.09
4.29, 3.18, -8.15, -0.42, 1.76, -0.09
4.42, 3.32, -8.11, -0.45, 1.61, -0.13
4.51, 3.27, -8.04, -0.46, 1.49, -0.17
4.77, 3.31, -7.92, -0.50, 1.51, -0.19
5.26, 3.44, -7.91, -0.55, 1.61, -0.18
5.77, 3.60, -7.78, -0.59, 1.54, -0.19
5.90, 3.98, -7.69, -0.59, 1.35, -0.26
6.11, 3.98, -7.55, -0.53, 1.13, -0.32
6.28, 4.07, -7.51, -0.53, 1.02, -0.34
6.42, 4.18, -7.27, -0.53, 1.02, -0.32
6.71, 4.38, -7.19, -0.56, 0.95, -0.29
6.74, 4.74, -7.25, -0.54, 0.77, -0.30
6.85, 4.78, -7.14, -0.49, 0.58, -0.30
