5.99, 6.08, -5.14, -0.87, 1.62, 0.62
6.63, 6.37, -4.83, -0.86, 1.67, 0.70
7.30, 6.59, -4.52, -0.84, 1.69, 0.75
8.12, 6.85, -4.12, -0.77, 1.61, 0.76
8.83, 7.10, -3.92, -0.70, 1.50, 0.71
9.59, 7.08, -3.72, -0.62, 1.34, 0.60
10.07, 7.14, -3.56, -0.54, 0.99, 0.45
10.35, 7.23, -3.30, -0.46, 0.72, 0.29
10.32, 7.29, -3.20, -0.36, 0.53, 0.13
10.11, 7.18, -3.18, -0.27, 0.34, -0.03
10.04, 6.99, -3.34, -0.20, 0.15, -0.19
9.57, 6.84, -3.21, -0.15, -0.01, -0.36
9.07, 6.72, -3.36, -0.13, -0.14, -0.47
8.64, 6.83, -3.27, -0.09, -0.25, -0.51
8.16, 6.90, -3.28, -0.08, -0.25, -0.50
7.93, 6.89, -3.25, -0.06, -0.23, -0.44
7.61, 7.04, -3.36, -0.04, -0.25, -0.37
7.60, 7.08, -3.44, -0.02, -0.28, -0.30
7.38, 7.04, -3.62, 0.02, -0.29, -0.23
7.43, 7.05, -3.58, 0.04, -0.31, -0.18
7.39, 7.01, -3.70, 0.05, -0.38, -0.13
7.48, 6.94, -3.77, 0.06, -0.45, -0.10
7.43, 6.98, -3.78, 0.08, -0.49, -0.08
7.25, 6.97, -3.94, 0.10, -0.57, -0.08
7.03, 6.99, -4.04, 0.12, -0.63, -0.07
7.01, 6.91, -4.15, 0.14, -0.62, -0.06
6.99, 6.90, -4.28, 0.17, -0.62, -0.05
6.97, 6.90, -4.32, 0.18, -0.72, -0.05
6.79, 6.81, -4.44, 0.20, -0.84, -0.05
6.62, 6.76, -4.47, 0.22, -0.86, -0.05
6.54, 6.68, -4.64, 0.24, -0.82, -0.04
6.59, 6.62, -4.75, 0.26, -0.85, -0.05
6.53, 6.65, -4.81, 0.26, -0.97, -0.07
6.39, 6.51, -4.95, 0.27, -1.06, -0.10
6.24, 6.51, -4.99, 0.29, -1.06, -0.11
6.18, 6.47, -5.12, 0.30, -1.05, -0.13
6.05, 6.38, -5.23, 0.32, -1.15, -0.18
5.87, 6.43, -5.34, 0.32, -1.27, -0.23
5.72, 6.43, -5.38, 0.34, -1.26, -0.27
5.60, 6.56, -5.55, 0.37, -1.21, -0.34
5.39, 6.53, -5.50, 0.40, -1.23, -0.44
5.32, 6.83, -5.50, 0.48, -1.28, -0.58
5.24, 6.74, -5.68, 0.59, -1.32, -0.70
5.09, 6.34, -5.76, 0.66, -1.37, -0.80
4.88, 5.86, -5.89, 0.70, -1.50, -0.89
4.46, 5.73, -6.04, 0.67, -1.67, -0.95
3.98, 5.76, -6.31, 0.67, -1.75, -0.98
3.52, 5.63, -6.39, 0.66, -1.79, -0.99
2.90, 5.46, -6.50, 0.63, -1.83, -1.00
2.35, 5.50, -7.13, 0.63, -1.80, -0.98
2.01, 5.58, -6.94, 0.62, -1.70, -0.96
1.84, 5.57, -7.16, 0.62, -1.65, -0.94
1.81, 5.38, -7.32, 0.62, -1.66, -0.93
1.72, 5.14, -7.42, 0.61, -1.67, -0.93
1.48, 4.81, -7.37, 0.57, -1.72, -0.95
1.32, 4.64, -7.43, 0.52, -1.77, -0.96
1.02, 4.54, -7.48, 0.46, -1.84, -0.99
0.62, 4.60, -7.47, 0.41, -1.90, -1.01
0.15, 4.59, -7.49, 0.38, -1.96, -1.05
-0.35, 4.62, -7.46, 0.36, -2.00, -1.07
-0.94, 4.51, -7.45, 0.34, -1.99, -1.09
-1.28, 4.51, -7.40, 0.33, -1.94, -1.10
-1.74, 4.57, -7.56, 0.33, -1.88, -1.10
-2.08, 4.44, -7.53, 0.33, -1.84, -1.11
-2.46, 4.26, -7.45, 0.33, -1.79, -1.10
-2.72, 4.33, -7.32, 0.32, -1.72, -1.07
-2.87, 4.22, -7.14, 0.33, -1.66, -1.01
-2.57, 4.05, -7.03, 0.33, -1.64, -0.92
-2.52, 4.03, -7.28, 0.31, -1.72, -0.84
-2.89, 4.09, -7.22, 0.31, -1.80, -0.79
-3.45, 4.13, -7.14, 0.35, -1.84, -0.76
-3.85, 3.98, -6.85, 0.39, -1.89, -0.73
-4.57, 3.81, -6.76, 0.40, -1.98, -0.70
-5.42, 3.22, -6.60, 0.37, -2.04, -0.66
-6.46, 2.94, -6.53, 0.29, -2.04, -0.59
-7.41, 2.82, -6.48, 0.17, -1.89, -0.48
-8.13, 2.90, -6.35, 0.08, -1.67, -0.40
-8.50, 3.15, -6.15, 0.01, -1.45, -0.33
-8.53, 3.39, -6.21, -0.00, -1.24, -0.33
-8.38, 3.62, -5.97, 0.02, -1.07, -0.34
-8.22, 3.49, -5.95, 0.04, -0.95, -0.35
-8.04, 3.33, -5.89, 0.05, -0.88, -0.33
-8.15, 3.08, -5.79, 0.01, -0.82, -0.29
-8.42, 3.10, -5.58, -0.04, -0.77, -0.26
-8.76, 3.34, -5.52, -0.05, -0.67, -0.23
-9.03, 3.54, -5.59, -0.03, -0.55, -0.20
-9.24, 3.49, -5.55, -0.00, -0.43, -0.17
-9.28, 3.15, -5.54, -0.01, -0.31, -0.12
-9.47, 2.99, -5.59, -0.06, -0.19, -0.07
-9.54, 2.97, -5.58, -0.11, -0.07, -0.02
-9.48, 3.04, -5.48, -0.15, 0.08, 0.04
-9.29, 3.23, -5.40, -0.16, 0.22, 0.11
-9.02, 3.23, -5.43, -0.16, 0.32, 0.15
-9.00, 3.15, -5.59, -0.18, 0.40, 0.16
-8.92, 3.01, -5.54, -0.23, 0.50, 0.17
-8.75, 3.19, -5.51, -0.26, 0.62, 0.19
-8.33, 3.34, -5.60, -0.27, 0.71, 0.23
-8.23, 3.42, -5.68, -0.28, 0.76, 0.25
-8.27, 3.51, -5.83, -0.28, 0.83, 0.27
-8.30, 3.54, -5.90, -0.30, 0.95, 0.30
-8.01, 3.54, -5.90, -0.31, 1.04, 0.33
-7.86, 3.53, -6.07, -0.32, 1.12, 0.37
-7.70, 3.55, -6.07, -0.34, 1.21, 0.40
-7.56, 3.69, -6.14, -0.36, 1.31, 0.41
-7.42, 3.95, -6.25, -0.36, 1.41, 0.40
-7.36, 4.12, -6.35, -0.35, 1.51, 0.37
-7.66, 4.21, -6.54, -0.34, 1.63, 0.34
-7.55, 4.35, -6.47, -0.34, 1.86, 0.30
-6.90, 4.44, -6.35, -0.31, 2.05, 0.27
-6.23, 4.74, -6.34, -0.26, 2.12, 0.25
-5.92, 4.64, -6.53, -0.21, 2.18, 0.26
-5.54, 4.44, -6.42, -0.20, 2.27, 0.28
-5.08, 4.35, -6.47, -0.20, 2.36, 0.29
-3.81, 4.29, -6.26, -0.22, 2.40, 0.29
-3.69, 4.61, -6.68, -0.19, 2.42, 0.33
-3.07, 4.53, -6.68, -0.17, 2.42, 0.36
-2.59, 4.42, -6.75, -0.16, 2.43, 0.40
-1.89, 4.39, -6.85, -0.18, 2.44, 0.42
-1.25, 4.40, -7.02, -0.20, 2.42, 0.45
-0.70, 4.42, -7.18, -0.22, 2.37, 0.46
-0.31, 4.57, -7.34, -0.25, 2.28, 0.45
-0.12, 4.55, -7.49, -0.26, 2.22, 0.44
0.02, 4.57, -7.37, -0.29, 2.19, 0.44
0.18, 4.48, -7.46, -0.30, 2.17, 0.45
0.28, 4.35, -7.53, -0.35, 2.15, 0.47
0.29, 4.25, -7.44, -0.42, 2.17, 0.51
0.70, 4.22, -7.30, -0.48, 2.22, 0.56
1.22, 4.39, -7.27, -0.54, 2.27, 0.63
1.76, 4.59, -7.04, -0.58, 2.28, 0.70
2.18, 4.67, -6.89, -0.61, 2.29, 0.75
2.54, 4.85, -6.82, -0.65, 2.37, 0.79
2.89, 5.02, -6.71, -0.60, 2.35, 0.81
3.50, 5.13, -6.40, -0.57, 2.30, 0.82
3.94, 5.35, -6.32, -0.55, 2.33, 0.84
4.39, 5.38, -6.09, -0.45, 2.32, 0.85
4.93, 5.55, -6.05, -0.37, 2.29, 0.87
5.53, 5.48, -6.00, -0.29, 2.30, 0.88
6.38, 5.11, -5.89, -0.24, 2.29, 0.85
7.12, 4.77, -5.71, -0.26, 2.16, 0.80
8.10, 4.57, -5.50, -0.30, 1.96, 0.70
8.62, 4.41, -5.42, -0.35, 1.74, 0.60
9.11, 4.39, -5.08, -0.43, 1.57, 0.46
9.30, 4.62, -4.98, -0.49, 1.23, 0.33
9.09, 4.75, -4.91, -0.56, 1.02, 0.21
9.21, 5.03, -4.87, -0.56, 0.93, 0.14
9.53, 5.41, -4.65, -0.57, 0.87, 0.11
9.68, 5.71, -4.61, -0.55, 0.70, 0.08
9.75, 5.83, -4.35, -0.51, 0.52, 0.05
9.62, 5.72, -4.38, -0.48, 0.38, 0.02
9.60, 5.72, -4.18, -0.47, 0.20, -0.01
9.20, 5.95, -4.22, -0.47, 0.03, -0.01
8.88, 6.20, -4.14, -0.44, -0.08, 0.02
8.42, 6.41, -4.12, -0.39, -0.17, 0.03
8.06, 6.49, -4.08, -0.30, -0.27, 0.06
7.92, 6.44, -4.18, -0.26, -0.28, 0.09
7.77, 6.40, -4.22, -0.20, -0.26, 0.11
7.72, 6.25, -4.28, -0.17, -0.30, 0.13
7.71, 6.38, -4.41, -0.16, -0.38, 0.14
7.61, 6.36, -4.39, -0.13, -0.40, 0.15
7.64, 6.34, -4.46, -0.08, -0.40, 0.15
7.71, 6.32, -4.51, -0.03, -0.46, 0.13
7.75, 6.35, -4.56, 0.01, -0.55, 0.11
7.76, 6.29, -4.64, 0.05, -0.63, 0.08
7.77, 6.26, -4.76, 0.09, -0.70, 0.05
7.57, 6.05, -4.78, 0.12, -0.78, 0.01
7.32, 6.02, -4.87, 0.15, -0.86, -0.05
7.19, 6.02, -4.96, 0.19, -0.91, -0.09
7.18, 6.11, -5.04, 0.23, -0.90, -0.11
7.25, 6.25, -5.23, 0.28, -0.93, -0.12
7.16, 6.20, -5.30, 0.33, -1.06, -0.15
6.91, 6.12, -5.43, 0.39, -1.19, -0.20
6.60, 5.94, -5.49, 0.45, -1.22, -0.26
6.33, 5.74, -5.66, 0.51, -1.24, -0.32
6.11, 5.62, -5.77, 0.54, -1.27, -0.38
5.94, 5.56, -6.17, 0.58, -1.35, -0.41
5.57, 5.45, -6.17, 0.61, -1.39, -0.43
5.43, 5.35, -6.22, 0.63, -1.39, -0.44
5.28, 5.17, -6.44, 0.65, -1.39, -0.44
5.19, 5.09, -6.60, 0.67, -1.42, -0.44
5.23, 5.02, -6.83, 0.66, -1.51, -0.44
4.84, 4.82, -6.98, 0.64, -1.62, -0.45
4.48, 4.66, -7.15, 0.62, -1.70, -0.45
4.16, 4.49, -7.25, 0.60, -1.67, -0.42
4.03, 4.51, -7.29, 0.57, -1.63, -0.39
3.89, 4.53, -7.37, 0.56, -1.70, -0.36
3.79, 4.45, -7.53, 0.56, -1.81, -0.35
3.53, 4.29, -7.55, 0.54, -1.88, -0.33
3.34, 4.11, -7.68, 0.52, -1.94, -0.32
3.12, 4.04, -7.65, 0.48, -2.03, -0.30
2.85, 4.02, -7.75, 0.46, -2.13, -0.29
2.48, 3.98, -7.81, 0.44, -2.18, -0.26
2.21, 4.00, -7.74, 0.42, -2.23, -0.24
1.95, 3.82, -7.73, 0.40, -2.30, -0.22
1.68, 3.69, -7.70, 0.38, -2.38, -0.19
1.51, 3.59, -7.67, 0.34, -2.46, -0.17
1.11, 3.49, -7.62, 0.31, -2.56, -0.17
0.62, 3.45, -7.59, 0.28, -2.67, -0.18
0.00, 3.41, -7.49, 0.25, -2.77, -0.20
-0.51, 3.43, -7.31, 0.20, -2.86, -0.22
-1.10, 3.35, -7.22, 0.16, -2.90, -0.22
-1.91, 3.57, -7.27, 0.14, -2.94, -0.22
-2.97, 3.55, -7.17, 0.13, -2.94, -0.24
-4.15, 3.73, -7.37, 0.12, -2.84, -0.26
-5.21, 3.61, -7.18, 0.12, -2.64, -0.26
-5.80, 3.38, -7.16, 0.08, -2.37, -0.20
-6.23, 3.55, -7.12, 0.09, -2.13, -0.11
-6.21, 3.79, -7.01, 0.05, -1.90, -0.03
-6.15, 3.94, -6.96, 0.08, -1.79, 0.00
-6.16, 3.96, -7.00, 0.10, -1.71, 0.01
-6.31, 3.94, -6.76, 0.11, -1.61, 0.00
-6.39, 3.97, -6.65, 0.13, -1.53, -0.03
-6.80, 4.07, -6.47, 0.18, -1.45, -0.08
-6.89, 4.09, -6.35, 0.25, -1.35, -0.14
-6.99, 3.93, -6.31, 0.33, -1.27, -0.19
-6.99, 3.69, -6.31, 0.38, -1.20, -0.23
-7.04, 3.39, -6.29, 0.41, -1.14, -0.27
-7.16, 3.04, -6.23, 0.41, -1.10, -0.29
-7.28, 2.60, -6.18, 0.38, -1.08, -0.29
-7.81, 2.22, -6.20, 0.30, -1.06, -0.28
-8.40, 1.92, -6.11, 0.19, -1.01, -0.27
-9.13, 1.77, -5.99, 0.08, -0.88, -0.25
-9.49, 1.88, -5.77, -0.03, -0.70, -0.22
-9.75, 2.20, -5.84, -0.10, -0.55, -0.19
-9.86, 2.41, -5.83, -0.13, -0.39, -0.15
-9.97, 2.53, -5.69, -0.14, -0.25, -0.10
-9.93, 2.57, -5.62, -0.16, -0.10, -0.04
-10.04, 2.59, -5.66, -0.16, 0.04, 0.02
-10.07, 2.68, -5.52, -0.15, 0.18, 0.08
-10.03, 2.66, -5.65, -0.16, 0.34, 0.14
-9.81, 2.72, -5.67, -0.16, 0.50, 0.20
-9.29, 2.71, -5.86, -0.18, 0.64, 0.26
-8.85, 2.72, -5.81, -0.19, 0.72, 0.31
-8.65, 2.66, -5.89, -0.23, 0.80, 0.35
-8.59, 2.69, -6.02, -0.28, 0.91, 0.38
-8.28, 2.89, -6.01, -0.33, 1.01, 0.40
-7.82, 3.16, -6.07, -0.34, 1.11, 0.43
-7.45, 3.21, -6.13, -0.36, 1.16, 0.45
-7.39, 3.38, -6.19, -0.38, 1.23, 0.45
-7.31, 3.74, -6.29, -0.39, 1.32, 0.46
-7.20, 4.05, -6.44, -0.36, 1.42, 0.47
-7.18, 4.40, -6.48, -0.30, 1.51, 0.51
-7.04, 4.37, -6.61, -0.25, 1.63, 0.59
-6.75, 4.35, -6.62, -0.19, 1.73, 0.66
-5.46, 4.23, -6.66, -0.13, 1.84, 0.68
-5.81, 4.23, -6.81, -0.11, 1.90, 0.73
-5.61, 4.22, -6.78, -0.09, 2.00, 0.76
-5.05, 4.13, -6.74, -0.08, 2.10, 0.75
-4.35, 4.16, -6.87, -0.08, 2.18, 0.73
-3.72, 4.01, -6.94, -0.06, 2.23, 0.70
-3.38, 4.00, -7.10, -0.08, 2.26, 0.63
-3.10, 4.02, -7.24, -0.10, 2.33, 0.55
-2.66, 4.13, -7.07, -0.12, 2.42, 0.45
-2.01, 4.20, -7.17, -0.12, 2.48, 0.37
-1.28, 4.33, -7.23, -0.11, 2.51, 0.32
-0.67, 4.16, -7.28, -0.11, 2.48, 0.28
-0.30, 4.10, -7.28, -0.16, 2.43, 0.22
-0.04, 4.06, -7.48, -0.21, 2.41, 0.17
0.23, 4.13, -7.59, -0.25, 2.43, 0.12
0.71, 4.24, -7.58, -0.29, 2.43, 0.08
1.27, 4.41, -7.47, -0.32, 2.42, 0.05
1.79, 4.39, -7.34, -0.35, 2.39, 0.03
2.09, 4.52, -7.44, -0.39, 2.38, 0.03
2.33, 4.54, -7.50, -0.42, 2.32, -0.00
2.43, 4.71, -7.44, -0.44, 2.26, -0.03
2.76, 4.70, -7.10, -0.43, 2.25, -0.03
2.96, 4.93, -6.97, -0.47, 2.28, -0.03
3.22, 5.08, -7.00, -0.48, 2.24, -0.04
3.37, 5.22, -6.84, -0.47, 2.21, -0.05
3.44, 5.44, -6.74, -0.47, 2.21, -0.05
3.76, 5.49, -6.59, -0.44, 2.25, -0.03
4.12, 5.51, -6.39, -0.42, 2.29, -0.01
4.55, 5.45, -6.14, -0.41, 2.30, 0.00
4.87, 5.52, -6.03, -0.37, 2.24, 0.01
5.13, 5.49, -5.93, -0.36, 2.18, 0.03
5.57, 5.41, -5.77, -0.33, 2.17, 0.07
5.93, 5.20, -5.57, -0.32, 2.16, 0.11
6.41, 4.98, -5.41, -0.34, 2.08, 0.15
6.72, 4.69, -5.20, -0.39, 1.99, 0.20
7.47, 4.53, -5.06, -0.48, 1.98, 0.27
8.28, 4.97, -4.92, -0.58, 1.98, 0.33
9.18, 4.98, -4.41, -0.65, 1.79, 0.33
9.48, 5.37, -4.03, -0.69, 1.30, 0.28
9.67, 5.61, -4.05, -0.71, 0.99, 0.22
9.45, 5.93, -3.91, -0.67, 0.85, 0.19
9.37, 6.11, -3.83, -0.64, 0.68, 0.17
9.28, 6.30, -3.73, -0.61, 0.51, 0.16
9.04, 6.50, -3.70, -0.56, 0.39, 0.16
8.88, 6.56, -3.45, -0.48, 0.27, 0.16
8.68, 6.61, -3.57, -0.41, 0.16, 0.17
8.46, 6.54, -3.52, -0.35, 0.09, 0.17
8.32, 6.32, -3.51, -0.31, 0.04, 0.17
7.98, 6.37, -3.64, -0.29, -0.05, 0.15
7.79, 6.57, -3.67, -0.25, -0.07, 0.13
7.88, 6.68, -3.65, -0.18, -0.01, 0.13
7.86, 6.62, -3.51, -0.10, 0.00, 0.12
7.96, 6.46, -3.67, -0.06, -0.12, 0.10
7.92, 6.36, -3.66, -0.04, -0.21, 0.07
7.90, 6.36, -3.72, -0.03, -0.16, 0.06
8.07, 6.47, -3.80, -0.02, -0.15, 0.04
8.34, 6.50, -3.73, 0.01, -0.26, 0.01
8.37, 6.69, -3.74, 0.06, -0.37, -0.01
8.38, 6.53, -3.77, 0.11, -0.43, -0.03
8.50, 6.53, -3.83, 0.15, -0.50, -0.04
8.58, 6.40, -3.85, 0.17, -0.61, -0.06
8.60, 6.42, -3.88, 0.20, -0.71, -0.08
8.59, 6.39, -3.89, 0.21, -0.80, -0.09
8.49, 6.33, -4.04, 0.24, -0.91, -0.09
8.26, 6.50, -4.12, 0.28, -0.99, -0.10
8.14, 6.36, -4.20, 0.33, -1.06, -0.11
8.15, 6.36, -4.37, 0.38, -1.13, -0.13
8.11, 6.31, -4.49, 0.43, -1.20, -0.16
8.16, 6.16, -4.59, 0.48, -1.30, -0.19
7.97, 6.11, -4.67, 0.53, -1.46, -0.24
7.52, 6.01, -4.94, 0.55, -1.59, -0.31
6.87, 5.80, -5.17, 0.65, -1.68, -0.38
6.24, 5.66, -5.47, 0.69, -1.67, -0.46
5.86, 5.43, -5.78, 0.74, -1.60, -0.52
5.52, 5.14, -5.93, 0.77, -1.56, -0.56
5.43, 4.83, -6.18, 0.74, -1.49, -0.58
5.59, 4.66, -6.35, 0.72, -1.47, -0.56
5.57, 4.57, -6.38, 0.64, -1.56, -0.55
5.51, 4.60, -6.47, 0.60, -1.65, -0.53
5.67, 4.75, -6.83, 0.56, -1.64, -0.51
5.70, 4.64, -6.79, 0.56, -1.72, -0.54
5.26, 4.48, -6.57, 0.54, -2.00, -0.61
4.71, 4.37, -6.80, 0.52, -2.19, -0.66
3.92, 4.27, -6.99, 0.50, -2.18, -0.70
3.44, 4.18, -7.10, 0.48, -2.16, -0.73
2.79, 4.12, -7.21, 0.45, -2.23, -0.76
2.30, 3.91, -7.70, 0.44, -2.24, -0.77
1.97, 3.86, -7.38, 0.42, -2.15, -0.78
1.42, 3.80, -7.67, 0.38, -2.13, -0.79
1.22, 3.62, -7.88, 0.34, -2.16, -0.82
0.59, 3.45, -7.99, 0.29, -2.21, -0.85
0.01, 3.40, -7.96, 0.22, -2.23, -0.90
-0.73, 3.34, -8.02, 0.16, -2.24, -0.93
-1.22, 3.55, -8.04, 0.11, -2.16, -0.93
-1.84, 3.90, -8.03, 0.11, -2.08, -0.92
-2.38, 3.91, -7.99, 0.11, -1.99, -0.89
-2.79, 3.82, -8.06, 0.14, -1.89, -0.84
-2.91, 3.85, -8.03, 0.13, -1.78, -0.76
-2.79, 3.73, -7.85, 0.11, -1.74, -0.64
-2.60, 3.81, -7.73, 0.08, -1.76, -0.51
-2.27, 3.93, -7.41, 0.08, -1.82, -0.40
-2.20, 4.10, -7.17, 0.10, -1.92, -0.33
-2.30, 4.15, -6.91, 0.13, -2.04, -0.28
-2.40, 4.11, -6.75, 0.17, -2.15, -0.25
-2.57, 4.05, -6.48, 0.19, -2.27, -0.21
-2.84, 4.10, -6.30, 0.21, -2.39, -0.19
-3.40, 4.05, -6.23, 0.24, -2.51, -0.18
-4.17, 3.87, -5.99, 0.25, -2.62, -0.21
-5.00, 3.48, -5.78, 0.24, -2.71, -0.27
-6.32, 3.47, -5.48, 0.23, -2.72, -0.34
-7.30, 3.28, -5.39, 0.18, -2.59, -0.40
-8.29, 3.30, -5.30, 0.16, -2.44, -0.45
-9.33, 3.37, -5.44, 0.16, -2.27, -0.47
-10.16, 3.44, -5.37, 0.16, -2.00, -0.46
-10.68, 3.31, -5.42, 0.14, -1.72, -0.41
-11.25, 3.20, -5.23, 0.13, -1.43, -0.38
-11.58, 2.89, -5.20, 0.09, -1.14, -0.34
-11.58, 2.67, -5.04, 0.04, -0.83, -0.30
-11.23, 2.57, -4.90, -0.03, -0.56, -0.25
-10.82, 2.69, -4.83, -0.09, -0.40, -0.24
-10.59, 2.81, -4.80, -0.13, -0.27, -0.22
-10.54, 2.89, -4.64, -0.16, -0.11, -0.20
-10.34, 2.95, -4.63, -0.18, 0.03, -0.17
-10.18, 3.16, -4.65, -0.19, 0.15, -0.13
-9.95, 3.17, -4.51, -0.18, 0.26, -0.09
-9.79, 3.31, -4.62, -0.16, 0.36, -0.06
-9.54, 3.22, -4.63, -0.15, 0.48, -0.02
-9.34, 3.08, -4.75, -0.15, 0.58, 0.01
-8.99, 2.99, -4.78, -0.17, 0.66, 0.04
-8.81, 3.00, -4.82, -0.20, 0.74, 0.06
-8.61, 3.10, -4.96, -0.23, 0.82, 0.08
-8.51, 3.21, -5.04, -0.24, 0.89, 0.09
-8.41, 3.36, -5.13, -0.25, 0.97, 0.11
-8.56, 3.53, -5.27, -0.25, 1.04, 0.11
-8.92, 3.66, -5.44, -0.24, 1.18, 0.13
-8.91, 3.95, -5.50, -0.21, 1.34, 0.16
-9.04, 4.03, -5.59, -0.16, 1.53, 0.23
-9.03, 4.05, -5.72, -0.12, 1.73, 0.30
-8.99, 4.13, -5.87, -0.08, 1.95, 0.37
-7.84, 3.82, -5.66, -0.04, 2.15, 0.46
-6.63, 3.41, -5.78, -0.04, 2.17, 0.52
-6.10, 3.26, -6.17, -0.09, 2.11, 0.55
-6.19, 3.28, -6.35, -0.12, 2.16, 0.55
-5.92, 3.37, -6.34, -0.14, 2.26, 0.54
-5.70, 3.46, -6.46, -0.15, 2.32, 0.51
-5.34, 3.45, -6.57, -0.16, 2.41, 0.50
-4.73, 3.34, -6.69, -0.17, 2.51, 0.52
-3.78, 3.28, -6.42, -0.20, 2.57, 0.52
-3.00, 3.14, -6.89, -0.22, 2.53, 0.60
-2.56, 3.19, -6.95, -0.24, 2.49, 0.65
-1.98, 3.06, -6.95, -0.29, 2.47, 0.72
-0.69, 2.86, -7.13, -0.37, 2.44, 0.81
1.18, 2.87, -7.39, -0.43, 2.27, 0.95
2.62, 2.97, -7.69, -0.59, 2.18, 1.08
2.19, 3.39, -8.04, -0.49, 1.57, 1.03
0.86, 3.47, -8.53, -0.52, 0.99, 0.89
-0.66, 3.76, -8.13, -0.54, 1.27, 0.81
-0.87, 3.44, -8.10, -0.59, 1.56, 0.76
-0.94, 3.36, -8.17, -0.72, 1.62, 0.73
-0.63, 3.24, -7.79, -0.83, 1.79, 0.72
0.09, 3.53, -7.53, -0.94, 1.94, 0.72
0.68, 3.96, -7.35, -1.02, 1.95, 0.72
1.15, 4.41, -7.04, -1.06, 1.98, 0.72
1.32, 4.69, -7.04, -1.05, 2.02, 0.72
1.30, 4.88, -6.82, -1.06, 2.07, 0.70
1.53, 4.90, -6.63, -1.06, 2.18, 0.68
2.04, 4.90, -6.34, -1.08, 2.28, 0.67
2.35, 4.87, -6.09, -1.11, 2.35, 0.65
2.58, 5.04, -5.73, -1.14, 2.41, 0.64
2.86, 5.34, -5.38, -1.18, 2.51, 0.63
3.24, 5.79, -4.87, -1.17, 2.65, 0.65
3.77, 6.13, -4.85, -1.17, 2.74, 0.65
4.70, 6.23, -4.62, -1.06, 2.82, 0.69
5.68, 6.45, -4.25, -1.00, 2.86, 0.72
6.58, 6.85, -3.75, -0.91, 2.79, 0.71
7.48, 7.01, -3.43, -0.81, 2.61, 0.69
8.51, 7.13, -2.99, -0.74, 2.46, 0.65
9.58, 7.14, -2.98, -0.63, 2.24, 0.61
10.23, 7.30, -2.21, -0.56, 1.79, 0.54
10.66, 7.13, -2.44, -0.49, 1.40, 0.46
10.94, 6.97, -2.49, -0.41, 1.12, 0.39
10.77, 6.90, -2.39, -0.36, 0.81, 0.31
10.54, 6.62, -2.38, -0.35, 0.50, 0.25
10.26, 6.56, -2.50, -0.35, 0.30, 0.22
9.86, 6.58, -2.40, -0.35, 0.13, 0.19
9.47, 6.70, -2.39, -0.33, -0.03, 0.17
9.16, 6.92, -2.47, -0.30, -0.12, 0.15
8.72, 7.00, -2.44, -0.26, -0.21, 0.15
8.22, 7.01, -2.66, -0.20, -0.28, 0.13
8.04, 6.93, -2.78, -0.16, -0.28, 0.11
7.88, 6.91, -2.74, -0.10, -0.23, 0.09
7.90, 6.87, -2.80, -0.05, -0.19, 0.07
7.94, 6.82, -2.85, -0.02, -0.22, 0.05
7.94, 6.78, -2.89, -0.00, -0.27, 0.03
8.07, 6.87, -3.03, 0.01, -0.26, 0.02
8.38, 6.93, -2.94, 0.04, -0.23, 0.00
8.57, 6.94, -2.97, 0.07, -0.29, -0.01
8.85, 6.99, -2.76, 0.11, -0.46, -0.03
8.65, 6.97, -3.01, 0.13, -0.60, -0.06
8.59, 7.06, -3.06, 0.18, -0.65, -0.06
8.60, 7.01, -3.25, 0.22, -0.65, -0.07
8.61, 6.95, -3.26, 0.26, -0.77, -0.08
8.54, 6.84, -3.41, 0.28, -0.90, -0.09
8.52, 6.85, -3.45, 0.31, -0.96, -0.09
8.37, 6.86, -3.62, 0.34, -1.02, -0.10
8.14, 6.90, -3.64, 0.38, -1.14, -0.12
8.07, 6.93, -3.81, 0.44, -1.19, -0.13
8.06, 6.69, -3.96, 0.51, -1.22, -0.15
7.86, 6.46, -4.08, 0.54, -1.37, -0.18
7.65, 6.40, -4.37, 0.55, -1.48, -0.20
7.56, 6.23, -4.49, 0.57, -1.43, -0.21
7.57, 6.11, -4.53, 0.60, -1.50, -0.23
7.15, 5.93, -4.72, 0.61, -1.78, -0.29
6.57, 5.72, -4.95, 0.62, -1.91, -0.33
6.05, 5.57, -5.27, 0.63, -1.81, -0.35
6.03, 5.35, -5.56, 0.62, -1.70, -0.36
6.12, 5.22, -5.57, 0.60, -1.78, -0.40
5.80, 5.05, -5.65, 0.59, -1.98, -0.47
5.37, 5.01, -5.96, 0.59, -2.08, -0.55
4.93, 4.85, -6.17, 0.59, -2.06, -0.62
4.74, 4.70, -6.34, 0.57, -2.05, -0.69
4.36, 4.58, -6.51, 0.56, -2.17, -0.76
4.01, 4.55, -6.48, 0.50, -2.34, -0.83
3.17, 4.51, -6.56, 0.49, -2.43, -0.88
2.52, 4.50, -6.78, 0.49, -2.41, -0.92
1.98, 4.41, -7.08, 0.48, -2.32, -0.94
1.45, 4.33, -7.23, 0.47, -2.26, -0.95
1.21, 4.24, -7.25, 0.44, -2.22, -0.96
1.04, 4.04, -7.50, 0.39, -2.20, -0.94
0.89, 3.94, -7.41, 0.33, -2.19, -0.92
0.75, 3.81, -7.23, 0.27, -2.23, -0.91
0.58, 3.79, -7.07, 0.22, -2.30, -0.89
0.35, 3.81, -7.08, 0.17, -2.38, -0.88
0.11, 3.91, -6.96, 0.14, -2.47, -0.84
-0.36, 4.00, -6.94, 0.12, -2.52, -0.79
-0.86, 4.16, -6.81, 0.14, -2.62, -0.72
-1.86, 4.34, -6.88, 0.18, -2.79, -0.64
-3.09, 4.46, -6.88, 0.17, -2.87, -0.55
-4.17, 4.19, -6.69, 0.15, -2.82, -0.43
-5.40, 3.96, -6.43, 0.09, -2.70, -0.31
-6.21, 3.68, -6.32, 0.03, -2.57, -0.25
-7.15, 3.90, -6.74, -0.08, -2.42, -0.24
-7.98, 3.99, -6.55, -0.11, -2.17, -0.27
-8.26, 4.13, -6.48, -0.17, -1.83, -0.33
-8.03, 4.26, -6.37, -0.19, -1.55, -0.41
-7.55, 4.39, -6.26, -0.17, -1.37, -0.47
-7.14, 4.37, -6.17, -0.15, -1.25, -0.51
-6.74, 4.41, -6.00, -0.12, -1.20, -0.56
-6.50, 4.22, -5.89, -0.10, -1.17, -0.60
-6.17, 4.26, -5.77, -0.07, -1.19, -0.62
-6.06, 4.08, -5.54, -0.06, -1.25, -0.66
-5.99, 3.96, -5.38, -0.05, -1.31, -0.69
-5.90, 4.01, -5.03, -0.03, -1.39, -0.73
-6.04, 4.01, -4.90, 0.01, -1.50, -0.80
-6.93, 3.90, -5.01, 0.04, -1.55, -0.85
-7.81, 3.66, -5.08, 0.03, -1.50, -0.88
-8.84, 3.56, -5.01, -0.01, -1.39, -0.86
-9.89, 3.85, -4.99, -0.04, -1.24, -0.78
-10.61, 3.84, -4.92, -0.06, -1.02, -0.62
-11.11, 3.82, -4.73, -0.07, -0.76, -0.43
-11.24, 3.77, -4.56, -0.06, -0.49, -0.24
-11.07, 3.77, -4.43, -0.08, -0.24, -0.11
-10.60, 3.84, -4.52, -0.09, -0.05, -0.03
-10.27, 3.89, -4.34, -0.11, 0.08, 0.01
-10.05, 3.96, -4.37, -0.11, 0.20, 0.05
-10.08, 4.00, -4.34, -0.09, 0.35, 0.08
-9.77, 3.91, -4.37, -0.08, 0.49, 0.08
-9.43, 3.86, -4.39, -0.08, 0.63, 0.07
-9.30, 3.78, -4.46, -0.10, 0.73, 0.05
-9.18, 3.66, -4.53, -0.13, 0.86, 0.04
-8.86, 3.80, -4.67, -0.15, 0.99, 0.03
-8.48, 3.88, -4.72, -0.15, 1.08, 0.02
-8.26, 3.91, -4.85, -0.15, 1.17, 0.00
-7.91, 3.91, -5.03, -0.15, 1.26, -0.01
-7.67, 4.07, -5.15, -0.14, 1.32, -0.01
-7.50, 4.10, -5.29, -0.11, 1.38, -0.01
-7.24, 3.94, -5.32, -0.10, 1.45, 0.01
-7.02, 3.75, -5.57, -0.10, 1.52, 0.03
-6.81, 3.71, -5.77, -0.11, 1.57, 0.03
-6.66, 3.77, -5.89, -0.12, 1.62, 0.02
-6.50, 3.82, -6.02, -0.12, 1.67, 0.02
-6.13, 3.87, -6.13, -0.10, 1.72, 0.02
-6.19, 3.80, -6.32, -0.09, 1.73, 0.02
-6.18, 3.75, -6.58, -0.09, 1.78, 0.04
-6.55, 3.63, -6.70, -0.10, 1.89, 0.05
-6.51, 3.65, -6.86, -0.11, 2.04, 0.05
-6.22, 3.56, -6.86, -0.10, 2.17, 0.06
-5.77, 3.53, -6.82, -0.11, 2.27, 0.06
-5.43, 3.45, -6.91, -0.12, 2.35, 0.07
-5.06, 3.40, -7.09, -0.14, 2.42, 0.09
-4.98, 3.19, -7.02, -0.17, 2.48, 0.12
-4.42, 3.19, -7.16, -0.20, 2.56, 0.13
-4.70, 3.30, -7.24, -0.24, 2.64, 0.12
-4.46, 3.37, -6.97, -0.26, 2.82, 0.13
-3.50, 3.45, -6.80, -0.28, 3.00, 0.16
-2.52, 3.56, -6.77, -0.27, 3.02, 0.21
-1.41, 3.64, -6.91, -0.26, 3.02, 0.26
-0.73, 3.62, -6.91, -0.25, 3.00, 0.31
-0.05, 3.45, -7.01, -0.26, 2.97, 0.34
0.77, 3.24, -7.18, -0.29, 2.93, 0.37
1.52, 3.17, -7.27, -0.38, 2.87, 0.38
2.01, 3.17, -7.34, -0.47, 2.81, 0.39
2.93, 2.92, -7.38, -0.59, 2.65, 0.38
3.48, 3.04, -7.34, -0.63, 2.36, 0.40
3.74, 3.35, -7.35, -0.77, 2.17, 0.38
3.91, 3.57, -7.28, -0.80, 2.00, 0.38
3.70, 3.75, -7.18, -0.87, 1.88, 0.35
3.59, 4.13, -7.03, -0.91, 1.83, 0.34
3.66, 4.35, -6.96, -0.91, 1.84, 0.34
3.79, 4.52, -6.68, -0.92, 1.85, 0.36
4.04, 4.69, -6.52, -0.92, 1.85, 0.38
4.57, 4.79, -6.45, -0.87, 1.88, 0.43
5.06, 4.73, -6.20, -0.86, 1.87, 0.46
5.47, 4.66, -6.01, -0.86, 1.77, 0.49
6.09, 4.77, -5.81, -0.88, 1.69, 0.51
6.81, 4.94, -5.69, -0.92, 1.68, 0.56
7.74, 4.92, -5.42, -0.94, 1.60, 0.57
8.52, 5.07, -5.18, -0.98, 1.34, 0.56
8.87, 5.19, -5.04, -1.00, 1.12, 0.53
9.63, 5.36, -5.03, -1.04, 0.87, 0.48
9.46, 5.72, -4.93, -1.04, 0.63, 0.41
9.45, 6.05, -4.58, -1.03, 0.49, 0.35
9.25, 6.30, -4.52, -0.94, 0.38, 0.28
8.92, 6.52, -4.40, -0.88, 0.18, 0.23
8.55, 6.74, -4.32, -0.81, 0.02, 0.21
8.15, 6.82, -4.21, -0.72, 0.05, 0.22
8.06, 6.87, -4.17, -0.63, 0.10, 0.24
7.94, 6.82, -4.19, -0.58, 0.08, 0.23
7.95, 6.82, -4.19, -0.51, -0.01, 0.20
7.86, 6.83, -4.19, -0.46, -0.06, 0.18
7.94, 6.93, -4.14, -0.40, -0.07, 0.15
7.89, 6.98, -4.12, -0.33, -0.11, 0.14
7.86, 6.98, -4.19, -0.28, -0.19, 0.11
7.73, 6.93, -4.26, -0.22, -0.26, 0.09
7.70, 6.81, -4.22, -0.19, -0.27, 0.07
7.60, 6.87, -4.37, -0.15, -0.28, 0.05
7.69, 6.83, -4.33, -0.11, -0.31, 0.04
7.78, 6.68, -4.30, -0.08, -0.35, 0.03
7.98, 6.63, -4.47, -0.06, -0.39, 0.02
8.03, 6.51, -4.51, -0.04, -0.47, -0.00
8.04, 6.46, -4.42, -0.06, -0.59, -0.03
8.06, 6.62, -4.46, -0.06, -0.70, -0.07
7.94, 6.57, -4.57, -0.04, -0.78, -0.09
7.86, 6.65, -4.58, -0.01, -0.83, -0.09
7.88, 6.60, -4.75, 0.01, -0.90, -0.10
7.89, 6.53, -4.73, 0.03, -1.04, -0.12
7.66, 6.53, -4.70, 0.05, -1.19, -0.14
7.53, 6.64, -4.86, 0.10, -1.25, -0.16
7.31, 6.58, -4.99, 0.14, -1.30, -0.18
7.07, 6.39, -5.05, 0.18, -1.43, -0.22
6.82, 6.27, -5.26, 0.22, -1.57, -0.27
6.26, 6.15, -5.50, 0.27, -1.66, -0.33
5.75, 6.06, -5.48, 0.33, -1.69, -0.39
5.07, 5.49, -5.74, 0.35, -1.69, -0.47
4.73, 5.37, -6.00, 0.33, -1.63, -0.53
4.82, 5.07, -6.18, 0.27, -1.47, -0.57
4.99, 5.02, -6.16, 0.20, -1.47, -0.63
