-6.60, 6.13, -5.82, 0.05, -1.47, -0.76
-7.70, 6.06, -5.86, 0.10, -1.37, -0.67
-8.72, 5.94, -5.67, 0.14, -1.15, -0.54
-9.42, 5.79, -5.56, 0.19, -0.89, -0.42
-9.62, 5.65, -5.77, 0.21, -0.62, -0.31
-9.84, 5.29, -5.82, 0.20, -0.37, -0.19
-9.90, 5.07, -5.84, 0.15, -0.11, -0.06
-9.96, 4.92, -5.71, 0.09, 0.18, 0.06
-9.44, 5.15, -5.66, 0.07, 0.43, 0.18
-8.77, 5.26, -5.59, 0.09, 0.61, 0.27
-8.23, 5.11, -5.78, 0.10, 0.73, 0.34
-8.14, 4.79, -5.90, 0.07, 0.85, 0.39
-8.20, 4.59, -5.88, 0.01, 1.00, 0.45
-8.20, 4.76, -5.94, -0.03, 1.17, 0.52
-7.85, 4.91, -6.00, -0.04, 1.34, 0.58
-7.72, 5.01, -6.13, -0.02, 1.50, 0.64
-7.58, 5.07, -6.09, 0.02, 1.63, 0.66
-7.33, 4.98, -6.05, 0.05, 1.84, 0.71
-6.97, 4.97, -6.26, 0.07, 1.99, 0.78
-6.27, 4.65, -6.21, 0.04, 2.12, 0.89
-5.78, 4.33, -6.31, -0.04, 2.22, 0.98
-5.31, 4.03, -6.42, -0.18, 2.33, 1.04
-4.76, 4.09, -6.25, -0.30, 2.47, 1.07
-5.06, 3.17, -6.72, -0.39, 2.58, 1.11
-3.23, 4.83, -5.72, -0.45, 2.65, 1.13
-2.43, 5.08, -5.93, -0.45, 2.67, 1.18
-1.78, 5.36, -6.04, -0.44, 2.67, 1.22
-1.33, 5.38, -6.06, -0.42, 2.68, 1.23
-0.84, 5.35, -5.92, -0.41, 2.72, 1.21
-0.17, 5.47, -5.89, -0.39, 2.74, 1.18
0.49, 5.66, -5.93, -0.37, 2.71, 1.16
1.17, 5.32, -5.72, -0.34, 2.68, 1.18
1.64, 5.53, -5.76, -0.35, 2.62, 1.22
2.17, 5.60, -5.62, -0.37, 2.58, 1.26
2.68, 5.65, -5.57, -0.36, 2.62, 1.31
3.55, 5.79, -5.50, -0.34, 2.61, 1.38
4.29, 5.83, -5.50, -0.37, 2.55, 1.43
5.30, 5.67, -5.17, -0.36, 2.52, 1.41
6.05, 5.89, -4.95, -0.33, 2.32, 1.34
6.05, 6.22, -4.86, -0.28, 2.00, 1.24
6.25, 6.52, -4.85, -0.16, 1.72, 1.18
5.55, 6.49, -4.94, -0.02, 1.55, 1.19
5.13, 5.19, -4.98, 0.09, 1.71, 1.32
4.39, 5.06, -4.69, -0.01, 2.13, 1.33
6.54, 4.99, -4.57, 0.01, 2.27, 1.36
7.78, 4.72, -4.21, -0.02, 2.09, 1.31
8.69, 4.51, -4.08, -0.10, 1.87, 1.19
9.42, 4.64, -4.14, -0.10, 1.70, 1.06
10.27, 4.48, -3.97, -0.09, 1.61, 0.85
11.11, 4.58, -3.76, -0.09, 1.41, 0.59
11.72, 4.34, -3.65, -0.10, 1.14, 0.30
12.24, 4.47, -3.48, -0.09, 0.87, 0.06
12.09, 4.43, -3.65, -0.10, 0.57, -0.12
11.55, 4.46, -3.60, -0.13, 0.34, -0.22
11.06, 4.58, -3.54, -0.17, 0.24, -0.26
10.81, 4.72, -3.48, -0.20, 0.08, -0.26
10.47, 4.82, -3.41, -0.21, -0.08, -0.27
10.10, 4.92, -3.39, -0.22, -0.20, -0.27
9.75, 4.96, -3.30, -0.22, -0.30, -0.25
9.40, 5.14, -3.49, -0.21, -0.40, -0.20
9.03, 5.20, -3.53, -0.22, -0.46, -0.15
8.87, 5.21, -3.75, -0.23, -0.47, -0.10
8.74, 5.20, -3.73, -0.24, -0.49, -0.10
8.83, 5.20, -3.79, -0.25, -0.56, -0.11
8.83, 5.41, -3.77, -0.24, -0.62, -0.15
8.83, 5.51, -3.91, -0.23, -0.67, -0.19
8.81, 5.63, -3.91, -0.21, -0.74, -0.24
8.97, 5.62, -4.00, -0.21, -0.81, -0.28
9.01, 5.52, -3.76, -0.20, -0.92, -0.33
8.92, 5.54, -3.85, -0.21, -1.08, -0.43
8.74, 5.58, -3.99, -0.20, -1.23, -0.54
8.59, 5.90, -4.18, -0.16, -1.31, -0.62
8.36, 6.14, -4.18, -0.10, -1.42, -0.68
7.82, 6.00, -4.24, -0.06, -1.58, -0.75
7.53, 5.90, -4.39, -0.01, -1.69, -0.82
6.53, 6.06, -4.48, 0.02, -1.77, -0.87
5.99, 6.05, -4.81, 0.07, -1.82, -0.91
5.74, 6.14, -4.82, 0.11, -1.72, -0.91
5.66, 5.96, -4.98, 0.17, -1.71, -0.92
5.29, 5.73, -5.08, 0.14, -1.87, -0.96
4.98, 5.66, -5.21, 0.13, -2.00, -0.96
4.71, 5.73, -5.43, 0.11, -1.97, -0.94
4.61, 5.75, -5.47, 0.07, -2.02, -0.92
4.38, 5.57, -5.52, 0.02, -2.21, -0.92
3.85, 5.52, -5.39, -0.05, -2.37, -0.94
3.30, 5.55, -5.65, -0.11, -2.43, -0.96
2.82, 5.70, -5.56, -0.16, -2.44, -0.99
2.38, 5.77, -5.66, -0.17, -2.39, -1.04
1.89, 5.84, -5.71, -0.19, -2.40, -1.14
1.33, 5.66, -5.76, -0.18, -2.40, -1.26
0.93, 5.68, -6.00, -0.19, -2.32, -1.38
0.35, 5.46, -6.04, -0.20, -2.23, -1.50
0.31, 5.28, -6.03, -0.26, -2.21, -1.57
0.12, 5.25, -5.80, -0.34, -2.25, -1.66
-0.22, 5.86, -5.77, -0.37, -2.34, -1.74
-0.97, 6.41, -5.60, -0.31, -2.39, -1.79
-1.85, 6.87, -5.56, -0.23, -2.40, -1.82
-2.45, 6.77, -5.44, -0.12, -2.34, -1.80
-2.91, 6.45, -5.43, -0.05, -2.31, -1.77
-3.86, 6.42, -5.60, -0.02, -2.35, -1.74
-4.93, 6.20, -5.63, -0.00, -2.29, -1.67
-6.19, 6.02, -5.66, -0.00, -2.11, -1.60
-7.10, 5.89, -5.43, -0.02, -1.91, -1.51
-8.32, 6.32, -5.85, -0.04, -1.72, -1.37
-9.31, 6.51, -5.80, 0.01, -1.38, -1.18
-9.91, 6.93, -5.71, 0.11, -0.94, -0.94
-9.73, 6.96, -5.64, 0.22, -0.53, -0.73
-8.32, 6.39, -5.63, 0.29, -0.27, -0.58
-7.32, 5.54, -5.69, 0.27, -0.23, -0.46
-7.03, 5.01, -5.69, 0.18, -0.24, -0.33
-7.46, 4.95, -5.58, 0.07, -0.15, -0.19
-7.55, 5.10, -5.51, 0.02, -0.03, -0.08
-7.47, 5.32, -5.61, -0.02, 0.07, -0.01
-7.32, 5.24, -5.60, -0.05, 0.16, 0.04
-7.23, 5.22, -5.56, -0.10, 0.25, 0.09
-7.15, 5.36, -5.43, -0.13, 0.35, 0.13
-7.01, 5.65, -5.54, -0.14, 0.44, 0.15
-7.04, 5.89, -5.54, -0.12, 0.52, 0.18
-7.11, 5.91, -5.60, -0.10, 0.64, 0.22
-7.13, 5.77, -5.66, -0.10, 0.75, 0.27
-7.58, 5.86, -5.91, -0.11, 0.88, 0.31
-8.15, 6.20, -5.97, -0.10, 1.10, 0.36
-8.08, 6.50, -5.87, -0.05, 1.34, 0.42
-7.48, 6.49, -5.84, 0.01, 1.53, 0.49
-7.02, 6.17, -5.72, 0.06, 1.69, 0.54
-6.57, 5.86, -5.80, 0.07, 1.83, 0.58
-5.96, 5.59, -5.80, 0.05, 1.95, 0.61
-5.26, 5.56, -5.69, 0.04, 2.06, 0.64
-4.46, 5.47, -5.75, 0.03, 2.12, 0.67
-3.69, 5.39, -5.81, 0.01, 2.12, 0.71
-3.29, 5.48, -6.00, -0.01, 2.12, 0.75
-2.91, 5.51, -6.14, -0.02, 2.16, 0.81
-2.14, 5.49, -6.17, -0.04, 2.19, 0.84
-1.91, 5.30, -6.40, -0.07, 2.19, 0.88
-1.47, 5.45, -6.56, -0.10, 2.17, 0.91
-1.21, 5.46, -6.61, -0.14, 2.16, 0.96
-0.82, 5.52, -6.47, -0.15, 2.16, 1.02
-0.41, 5.54, -6.54, -0.16, 2.18, 1.10
-0.16, 5.50, -6.59, -0.17, 2.19, 1.16
-0.11, 5.33, -6.64, -0.18, 2.20, 1.20
0.02, 5.12, -6.65, -0.21, 2.27, 1.25
0.13, 4.82, -6.32, -0.22, 2.35, 1.37
0.85, 4.67, -6.26, -0.28, 2.45, 1.54
1.73, 4.48, -6.20, -0.34, 2.45, 1.72
2.28, 4.24, -5.93, -0.44, 2.39, 1.89
2.56, 4.27, -5.70, -0.56, 2.42, 2.01
3.23, 4.21, -5.70, -0.65, 2.47, 2.05
3.94, 3.79, -5.18, -0.72, 2.44, 2.00
4.69, 3.88, -5.12, -0.84, 2.38, 1.89
5.34, 4.19, -4.94, -0.88, 2.31, 1.78
6.03, 4.35, -4.91, -0.90, 2.33, 1.72
7.00, 4.49, -4.34, -0.92, 2.38, 1.63
7.81, 4.87, -4.13, -0.91, 2.32, 1.51
8.96, 5.28, -3.52, -0.81, 2.30, 1.35
9.25, 7.05, -3.87, -0.67, 2.17, 1.16
11.12, 5.64, -4.06, -0.48, 1.93, 0.79
12.62, 6.54, -2.94, -0.37, 1.58, 0.50
12.45, 5.83, -2.52, -0.19, 0.98, 0.24
11.73, 5.85, -2.86, -0.20, 0.49, 0.09
10.25, 5.60, -2.95, -0.22, 0.31, 0.03
9.53, 5.79, -3.09, -0.20, 0.35, 0.03
9.40, 6.04, -2.87, -0.18, 0.30, 0.05
9.56, 6.18, -2.76, -0.13, 0.19, 0.08
9.65, 5.89, -2.85, -0.10, 0.10, 0.11
9.47, 5.50, -2.88, -0.13, -0.03, 0.10
9.24, 5.38, -2.92, -0.18, -0.12, 0.06
9.14, 5.66, -2.98, -0.19, -0.16, 0.02
9.00, 5.94, -3.11, -0.17, -0.22, 0.00
8.79, 6.10, -3.15, -0.12, -0.26, 0.00
8.63, 5.94, -3.20, -0.09, -0.27, 0.00
8.56, 5.78, -3.35, -0.08, -0.30, -0.01
8.65, 5.81, -3.30, -0.09, -0.34, -0.04
8.80, 6.05, -3.35, -0.08, -0.37, -0.06
8.85, 6.09, -3.33, -0.06, -0.43, -0.09
8.87, 5.98, -3.31, -0.05, -0.48, -0.12
9.05, 5.94, -3.45, -0.05, -0.53, -0.15
9.22, 6.12, -3.46, -0.04, -0.62, -0.20
9.26, 6.22, -3.51, 0.00, -0.74, -0.26
9.31, 6.20, -3.44, 0.05, -0.84, -0.34
9.24, 5.99, -3.55, 0.07, -0.93, -0.45
9.15, 5.83, -3.79, 0.08, -1.03, -0.56
8.90, 5.90, -3.87, 0.11, -1.15, -0.67
8.73, 6.00, -3.90, 0.14, -1.27, -0.76
8.56, 6.05, -4.02, 0.19, -1.37, -0.84
8.12, 5.79, -4.01, 0.24, -1.49, -0.91
7.53, 5.63, -4.39, 0.26, -1.58, -0.96
6.81, 5.46, -4.63, 0.26, -1.66, -1.02
6.37, 5.47, -4.78, 0.26, -1.74, -1.05
5.67, 5.27, -4.91, 0.28, -1.83, -1.06
5.32, 5.49, -5.22, 0.24, -1.86, -1.09
4.84, 5.40, -5.50, 0.21, -1.81, -1.08
4.70, 5.31, -5.75, 0.14, -1.71, -1.09
4.60, 5.71, -5.85, 0.11, -1.76, -1.11
4.26, 6.07, -5.65, 0.13, -1.88, -1.14
3.83, 6.15, -5.89, 0.17, -1.93, -1.16
3.40, 5.98, -5.94, 0.20, -1.91, -1.16
3.06, 5.89, -6.02, 0.19, -1.90, -1.15
2.77, 5.77, -6.09, 0.17, -1.93, -1.12
2.57, 5.69, -6.11, 0.13, -1.99, -1.09
2.09, 5.54, -6.08, 0.07, -2.03, -1.08
1.80, 5.49, -6.09, 0.02, -2.05, -1.07
1.36, 5.54, -6.21, -0.03, -2.05, -1.08
1.03, 5.60, -6.18, -0.08, -2.09, -1.10
0.72, 5.53, -6.14, -0.13, -2.11, -1.14
0.27, 5.41, -6.16, -0.18, -2.17, -1.19
-0.28, 5.43, -6.17, -0.23, -2.23, -1.27
-1.04, 5.62, -6.23, -0.28, -2.25, -1.33
-1.72, 5.84, -6.27, -0.29, -2.20, -1.37
-2.59, 6.15, -6.47, -0.29, -2.13, -1.39
-3.37, 6.22, -6.47, -0.28, -2.02, -1.40
-4.05, 6.11, -6.32, -0.30, -1.90, -1.36
-5.00, 6.41, -6.31, -0.29, -1.74, -1.28
-5.53, 6.64, -6.32, -0.30, -1.49, -1.16
-5.69, 6.84, -6.31, -0.28, -1.26, -1.00
-5.77, 6.89, -6.24, -0.26, -1.07, -0.83
-5.43, 7.00, -6.07, -0.24, -0.94, -0.70
-5.34, 7.11, -6.01, -0.22, -0.86, -0.59
-5.41, 7.24, -5.82, -0.17, -0.81, -0.51
-5.62, 7.22, -5.84, -0.14, -0.76, -0.45
-5.96, 7.11, -5.73, -0.12, -0.69, -0.38
-6.39, 7.13, -5.85, -0.12, -0.58, -0.32
-6.86, 7.44, -5.67, -0.09, -0.42, -0.30
-7.23, 7.78, -5.66, -0.03, -0.24, -0.30
-7.35, 7.74, -5.67, 0.04, -0.04, -0.28
-7.30, 7.55, -5.63, 0.09, 0.16, -0.22
-6.93, 7.19, -5.70, 0.12, 0.35, -0.14
-6.45, 6.92, -5.69, 0.13, 0.47, -0.04
-6.14, 6.79, -5.62, 0.12, 0.57, 0.05
-5.82, 6.69, -5.75, 0.11, 0.63, 0.13
-5.72, 6.70, -5.79, 0.10, 0.72, 0.19
-5.38, 6.66, -5.87, 0.09, 0.80, 0.26
-5.26, 6.77, -6.05, 0.09, 0.85, 0.33
-5.32, 6.95, -6.07, 0.11, 0.93, 0.39
-5.21, 6.93, -5.99, 0.15, 1.05, 0.44
-4.79, 6.89, -5.99, 0.19, 1.14, 0.48
-4.43, 6.86, -6.18, 0.23, 1.20, 0.52
-4.06, 6.74, -6.38, 0.26, 1.26, 0.56
-3.88, 6.69, -6.56, 0.28, 1.31, 0.60
-4.11, 6.72, -6.58, 0.29, 1.37, 0.62
-4.60, 6.81, -6.63, 0.33, 1.53, 0.64
-5.33, 5.64, -6.78, 0.40, 1.77, 0.69
-3.62, 6.44, -6.36, 0.41, 1.95, 0.68
-2.89, 6.34, -6.61, 0.42, 2.04, 0.69
-2.43, 6.26, -6.59, 0.44, 2.12, 0.71
-2.11, 6.04, -6.53, 0.46, 2.18, 0.73
-1.76, 5.83, -6.51, 0.47, 2.25, 0.75
-1.27, 5.52, -6.64, 0.47, 2.35, 0.79
-0.85, 5.32, -6.60, 0.45, 2.42, 0.84
-0.37, 5.32, -6.54, 0.43, 2.50, 0.91
-0.00, 5.20, -6.49, 0.42, 2.57, 0.99
0.57, 4.81, -6.39, 0.43, 2.62, 1.07
1.11, 4.68, -6.61, 0.38, 2.65, 1.15
1.63, 4.39, -6.48, 0.30, 2.67, 1.19
2.31, 4.25, -6.37, 0.25, 2.69, 1.22
2.88, 4.34, -6.09, 0.14, 2.82, 1.25
3.76, 4.39, -5.98, 0.14, 2.72, 1.24
4.76, 4.42, -6.15, 0.11, 2.61, 1.18
5.60, 4.33, -5.77, 0.17, 2.41, 1.10
6.97, 3.79, -5.83, 0.13, 2.30, 0.90
6.56, 3.91, -5.93, 0.15, 2.09, 0.71
6.93, 3.57, -5.97, 0.09, 1.88, 0.45
7.23, 3.56, -6.06, 0.04, 1.66, 0.25
7.11, 3.62, -5.88, -0.07, 1.52, 0.09
7.21, 3.40, -5.83, -0.11, 1.50, -0.01
7.43, 3.54, -5.70, -0.25, 1.54, -0.07
7.89, 3.56, -5.59, -0.35, 1.48, -0.13
8.36, 3.64, -5.23, -0.46, 1.35, -0.19
8.64, 3.94, -5.20, -0.57, 1.23, -0.21
8.84, 4.36, -4.91, -0.62, 1.07, -0.19
8.66, 4.64, -4.76, -0.64, 0.93, -0.14
8.61, 4.85, -4.70, -0.68, 0.87, -0.09
8.50, 5.11, -4.54, -0.69, 0.82, -0.06
8.57, 5.33, -4.27, -0.70, 0.77, -0.02
8.84, 5.46, -4.19, -0.70, 0.69, -0.01
9.19, 5.81, -3.94, -0.67, 0.55, -0.01
9.34, 6.19, -3.80, -0.65, 0.34, -0.01
9.04, 6.48, -3.72, -0.57, 0.19, -0.01
8.99, 6.46, -3.60, -0.49, 0.10, 0.00
8.73, 6.45, -3.63, -0.44, -0.02, -0.00
8.63, 6.44, -3.58, -0.42, -0.15, -0.04
8.26, 6.50, -3.63, -0.38, -0.23, -0.04
7.99, 6.66, -3.63, -0.34, -0.29, -0.03
7.93, 6.81, -3.73, -0.30, -0.32, -0.01
8.02, 6.79, -3.90, -0.25, -0.34, 0.01
7.84, 6.85, -3.75, -0.17, -0.37, 0.00
7.59, 6.71, -3.70, -0.14, -0.40, -0.02
7.74, 6.66, -3.85, -0.12, -0.41, -0.04
7.83, 6.72, -3.79, -0.10, -0.46, -0.05
7.79, 6.83, -3.94, -0.07, -0.51, -0.06
7.83, 6.95, -4.00, -0.02, -0.52, -0.05
7.95, 7.02, -4.27, 0.01, -0.56, -0.05
8.35, 6.73, -4.09, 0.07, -0.62, -0.07
8.29, 6.44, -4.22, 0.09, -0.74, -0.11
8.37, 6.42, -4.26, 0.10, -0.84, -0.17
8.49, 6.35, -4.45, 0.11, -0.91, -0.23
8.57, 6.26, -4.41, 0.15, -1.03, -0.31
8.38, 6.02, -4.43, 0.15, -1.20, -0.42
7.95, 5.88, -4.62, 0.16, -1.35, -0.52
7.47, 5.91, -4.77, 0.18, -1.40, -0.58
7.21, 5.98, -4.98, 0.19, -1.44, -0.61
7.01, 5.79, -4.95, 0.20, -1.54, -0.66
6.81, 5.72, -5.17, 0.20, -1.61, -0.71
6.61, 5.61, -5.23, 0.21, -1.67, -0.76
6.35, 5.59, -5.31, 0.21, -1.79, -0.80
6.09, 6.82, -4.80, 0.16, -1.92, -0.84
5.49, 5.72, -5.56, 0.22, -2.02, -0.86
5.06, 5.48, -5.68, 0.20, -2.07, -0.89
4.45, 5.42, -5.80, 0.19, -2.18, -0.90
3.93, 5.38, -5.92, 0.17, -2.25, -0.91
3.23, 5.38, -6.11, 0.13, -2.25, -0.92
2.77, 5.44, -6.38, 0.13, -2.22, -0.92
2.22, 5.49, -6.27, 0.11, -2.19, -0.92
1.98, 5.45, -6.29, 0.09, -2.20, -0.92
1.62, 5.37, -6.41, 0.05, -2.23, -0.91
1.30, 5.30, -6.49, -0.01, -2.24, -0.92
0.83, 5.35, -6.41, -0.06, -2.27, -0.93
0.39, 5.48, -6.40, -0.12, -2.27, -0.93
0.11, 5.50, -6.30, -0.16, -2.28, -0.94
-0.28, 5.54, -6.36, -0.19, -2.29, -0.95
-0.67, 5.54, -6.28, -0.22, -2.33, -0.96
-1.25, 5.75, -6.42, -0.23, -2.36, -0.96
-2.11, 6.07, -6.39, -0.23, -2.38, -0.94
-2.89, 6.26, -6.17, -0.19, -2.35, -0.87
-3.46, 6.19, -6.22, -0.18, -2.28, -0.77
-4.29, 6.33, -6.38, -0.19, -2.17, -0.66
-5.00, 6.27, -6.21, -0.17, -1.97, -0.55
-5.12, 6.30, -6.09, -0.18, -1.72, -0.48
-4.82, 6.43, -6.08, -0.17, -1.56, -0.47
-4.40, 6.46, -6.00, -0.15, -1.49, -0.52
-4.08, 6.68, -5.85, -0.11, -1.47, -0.60
-4.21, 6.65, -5.70, -0.06, -1.47, -0.71
-4.36, 6.59, -5.58, -0.01, -1.45, -0.80
-4.58, 6.39, -5.39, 0.02, -1.43, -0.86
-4.86, 6.48, -5.26, 0.05, -1.44, -0.91
-5.30, 6.45, -5.16, 0.08, -1.44, -0.95
-5.72, 6.49, -5.24, 0.13, -1.43, -0.95
-6.38, 6.55, -5.20, 0.16, -1.38, -0.93
-7.14, 6.51, -5.07, 0.25, -1.29, -0.88
-7.72, 6.35, -5.16, 0.31, -1.12, -0.80
-8.12, 6.00, -5.27, 0.34, -0.97, -0.73
-8.35, 5.55, -5.24, 0.33, -0.81, -0.62
-8.57, 5.26, -5.26, 0.28, -0.65, -0.52
-8.67, 5.13, -5.20, 0.22, -0.50, -0.42
-8.90, 5.11, -5.23, 0.17, -0.35, -0.34
-8.93, 5.20, -5.21, 0.14, -0.19, -0.27
-8.95, 5.22, -5.29, 0.10, -0.04, -0.18
-8.87, 5.11, -5.26, 0.06, 0.10, -0.09
-8.75, 5.02, -5.28, 0.00, 0.24, 0.04
-8.66, 5.12, -5.20, -0.04, 0.38, 0.17
-8.28, 5.35, -5.15, -0.05, 0.52, 0.29
-7.80, 5.36, -5.17, -0.03, 0.63, 0.39
-7.44, 5.25, -5.30, -0.03, 0.68, 0.45
-7.53, 5.34, -5.39, -0.05, 0.76, 0.50
-7.68, 5.62, -5.40, -0.02, 0.89, 0.53
-7.69, 5.49, -5.44, 0.01, 1.08, 0.57
-7.17, 5.26, -5.53, 0.01, 1.25, 0.61
-6.73, 5.35, -5.71, -0.01, 1.35, 0.63
-6.38, 5.48, -5.89, 0.02, 1.44, 0.67
-6.31, 5.29, -6.01, 0.02, 1.54, 0.72
-6.07, 4.93, -6.07, -0.03, 1.62, 0.74
-5.64, 4.96, -6.11, -0.09, 1.77, 0.77
-5.07, 5.06, -6.06, -0.14, 1.86, 0.81
-4.64, 5.23, -6.26, -0.17, 1.89, 0.88
-4.47, 5.41, -6.37, -0.19, 1.91, 0.94
-4.19, 5.41, -6.28, -0.20, 2.00, 0.98
-3.70, 5.52, -6.28, -0.19, 2.07, 1.02
-3.03, 5.49, -6.23, -0.18, 2.10, 1.07
-2.88, 5.39, -6.34, -0.19, 2.11, 1.12
-1.93, 5.32, -6.44, -0.20, 2.07, 1.15
-2.10, 5.55, -6.56, -0.24, 2.07, 1.17
-1.74, 5.58, -6.36, -0.24, 2.17, 1.17
-1.27, 5.60, -6.39, -0.25, 2.23, 1.17
-0.56, 5.69, -6.25, -0.23, 2.24, 1.17
-0.45, 5.85, -6.45, -0.24, 2.22, 1.18
-0.39, 5.39, -6.15, -0.24, 2.29, 1.20
0.02, 5.28, -6.25, -0.32, 2.37, 1.23
0.46, 5.22, -6.06, -0.39, 2.41, 1.25
1.04, 5.65, -5.80, -0.42, 2.45, 1.27
1.55, 6.11, -5.71, -0.39, 2.48, 1.33
2.17, 6.35, -5.52, -0.34, 2.50, 1.40
2.75, 6.30, -5.29, -0.33, 2.64, 1.47
3.67, 6.14, -5.41, -0.26, 2.54, 1.49
4.47, 5.75, -5.23, -0.20, 2.38, 1.48
5.14, 5.73, -5.19, -0.18, 2.29, 1.45
5.59, 5.61, -5.11, -0.20, 2.18, 1.35
5.95, 5.46, -5.07, -0.18, 2.01, 1.21
6.59, 5.44, -5.08, -0.23, 1.99, 1.07
7.30, 5.53, -4.80, -0.18, 1.88, 0.92
7.89, 5.54, -4.94, -0.17, 1.60, 0.76
8.02, 5.14, -4.63, -0.20, 1.36, 0.60
7.99, 4.58, -4.57, -0.24, 1.22, 0.44
8.11, 5.14, -4.53, -0.27, 1.15, 0.34
8.20, 5.23, -4.45, -0.28, 1.00, 0.25
8.20, 5.21, -4.36, -0.30, 0.87, 0.22
8.06, 5.05, -4.19, -0.36, 0.81, 0.21
7.93, 5.15, -4.16, -0.43, 0.74, 0.22
8.15, 5.73, -4.09, -0.45, 0.69, 0.27
8.26, 6.05, -3.79, -0.44, 0.61, 0.34
8.24, 6.04, -3.71, -0.43, 0.49, 0.40
8.02, 5.92, -3.76, -0.44, 0.47, 0.43
8.34, 6.06, -3.68, -0.44, 0.51, 0.46
8.78, 6.36, -3.56, -0.43, 0.44, 0.49
9.20, 6.62, -3.25, -0.39, 0.30, 0.50
9.22, 6.69, -3.26, -0.33, 0.19, 0.47
9.19, 6.55, -3.14, -0.27, 0.11, 0.40
9.21, 6.35, -3.03, -0.21, 0.06, 0.28
9.26, 6.36, -3.13, -0.16, -0.01, 0.15
9.21, 6.43, -3.16, -0.10, -0.11, 0.04
9.07, 6.55, -3.22, -0.03, -0.21, -0.03
8.81, 6.45, -3.27, 0.03, -0.26, -0.07
8.63, 6.13, -3.27, 0.05, -0.28, -0.10
8.55, 5.84, -3.37, 0.02, -0.31, -0.14
8.57, 5.83, -3.40, -0.01, -0.35, -0.20
8.72, 5.97, -3.44, -0.03, -0.37, -0.25
8.80, 6.10, -3.49, -0.03, -0.44, -0.31
8.76, 6.08, -3.46, -0.02, -0.54, -0.38
8.73, 6.16, -3.63, -0.01, -0.60, -0.42
8.82, 6.12, -3.69, 0.01, -0.65, -0.47
8.79, 6.17, -3.84, 0.02, -0.77, -0.53
8.73, 6.22, -3.77, 0.04, -0.86, -0.59
8.62, 6.27, -3.97, 0.08, -0.93, -0.65
8.52, 6.25, -3.89, 0.13, -1.03, -0.73
8.13, 6.24, -4.07, 0.17, -1.17, -0.81
7.69, 6.28, -4.09, 0.22, -1.25, -0.88
7.34, 6.30, -4.20, 0.29, -1.29, -0.93
7.04, 6.25, -4.45, 0.34, -1.35, -0.98
6.56, 5.86, -4.50, 0.37, -1.42, -1.03
6.13, 5.21, -4.68, 0.36, -1.52, -1.07
5.38, 5.70, -5.04, 0.31, -1.56, -1.10
4.98, 5.95, -5.22, 0.29, -1.49, -1.09
4.82, 6.04, -5.46, 0.29, -1.38, -1.07
4.66, 6.03, -5.52, 0.26, -1.35, -1.06
4.59, 6.07, -5.64, 0.25, -1.41, -1.07
4.25, 6.20, -5.64, 0.24, -1.51, -1.11
3.99, 6.20, -5.73, 0.26, -1.52, -1.12
3.98, 6.21, -5.85, 0.26, -1.44, -1.12
4.04, 6.10, -5.92, 0.27, -1.52, -1.13
3.65, 5.94, -5.97, 0.23, -1.77, -1.17
3.15, 5.82, -5.97, 0.19, -1.92, -1.20
2.48, 5.98, -6.01, 0.19, -1.84, -1.20
2.21, 6.24, -6.17, 0.18, -1.83, -1.23
1.80, 6.21, -6.17, 0.21, -1.90, -1.26
1.55, 6.06, -6.00, 0.23, -1.93, -1.30
1.14, 5.85, -6.15, 0.22, -1.96, -1.33
0.87, 5.77, -6.15, 0.21, -2.03, -1.37
0.51, 5.66, -6.11, 0.19, -2.12, -1.40
-0.06, 5.83, -6.12, 0.17, -2.18, -1.43
-0.71, 5.82, -6.17, 0.16, -2.27, -1.47
-1.72, 5.83, -6.23, 0.14, -2.34, -1.52
-2.98, 5.81, -6.51, 0.12, -2.35, -1.52
-4.31, 5.93, -6.40, 0.08, -2.19, -1.48
-5.12, 6.28, -6.56, 0.06, -1.90, -1.40
-5.78, 6.64, -6.51, 0.15, -1.62, -1.25
-5.66, 6.60, -6.32, 0.20, -1.30, -1.11
-4.70, 6.38, -6.19, 0.29, -1.11, -1.01
-3.78, 5.96, -6.13, 0.34, -1.10, -0.96
-3.10, 5.64, -6.23, 0.35, -1.23, -0.96
-3.09, 5.14, -6.00, 0.30, -1.45, -0.99
-4.01, 4.99, -5.92, 0.23, -1.59, -0.99
-5.20, 5.00, -5.83, 0.18, -1.58, -0.96
-6.10, 5.09, -5.90, 0.15, -1.50, -0.90
-6.59, 5.22, -5.71, 0.12, -1.39, -0.80
-6.91, 5.26, -5.65, 0.13, -1.27, -0.66
-7.29, 5.64, -6.01, 0.11, -1.18, -0.52
-8.03, 5.78, -5.98, 0.14, -1.07, -0.37
-8.47, 5.74, -5.72, 0.14, -0.87, -0.19
-8.44, 5.64, -5.56, 0.13, -0.69, 0.01
-8.36, 5.65, -5.65, 0.11, -0.57, 0.20
-8.63, 5.70, -5.70, 0.12, -0.45, 0.33
-8.95, 5.78, -5.68, 0.13, -0.26, 0.40
-8.89, 5.66, -5.54, 0.14, -0.03, 0.44
-8.24, 5.71, -5.37, 0.14, 0.16, 0.46
-7.56, 5.83, -5.34, 0.16, 0.26, 0.52
-7.01, 5.89, -5.37, 0.19, 0.32, 0.58
-6.68, 5.90, -5.39, 0.23, 0.37, 0.63
-6.64, 5.84, -5.55, 0.26, 0.42, 0.66
-6.55, 5.75, -5.61, 0.28, 0.50, 0.68
-6.30, 5.60, -5.74, 0.29, 0.57, 0.70
-6.25, 5.60, -5.85, 0.28, 0.63, 0.70
-6.50, 5.60, -6.05, 0.27, 0.72, 0.72
-6.54, 5.51, -6.16, 0.27, 0.87, 0.74
-6.28, 5.37, -6.27, 0.25, 1.01, 0.73
-5.99, 5.29, -6.51, 0.22, 1.12, 0.72
-5.88, 5.31, -6.57, 0.18, 1.24, 0.71
-5.60, 5.48, -6.45, 0.17, 1.37, 0.70
-5.30, 5.57, -6.58, 0.16, 1.49, 0.70
-4.83, 5.68, -6.48, 0.18, 1.62, 0.72
-4.24, 5.60, -6.63, 0.20, 1.62, 0.75
-3.57, 5.12, -6.65, 0.21, 1.66, 0.78
-3.76, 5.37, -6.95, 0.19, 1.72, 0.82
-3.72, 5.20, -6.90, 0.18, 1.82, 0.84
-3.30, 5.04, -6.83, 0.15, 1.96, 0.85
-2.86, 5.10, -6.96, 0.11, 2.02, 0.85
-2.26, 5.19, -6.95, 0.10, 2.07, 0.88
-1.82, 5.18, -6.89, 0.10, 2.12, 0.92
-1.40, 5.17, -6.87, 0.10, 2.13, 0.97
-0.99, 5.09, -6.93, 0.09, 2.15, 1.01
-0.66, 5.03, -6.89, 0.08, 2.16, 1.04
-0.62, 5.20, -6.90, 0.07, 2.16, 1.06
-0.26, 5.01, -6.78, 0.09, 2.23, 1.10
0.21, 4.85, -6.93, 0.05, 2.30, 1.14
0.79, 4.45, -6.83, 0.01, 2.34, 1.15
1.04, 4.34, -6.75, -0.05, 2.39, 1.12
1.37, 4.67, -6.61, -0.08, 2.49, 1.04
2.15, 4.78, -6.41, -0.07, 2.60, 0.96
2.71, 5.05, -6.20, -0.14, 2.78, 0.88
3.63, 4.28, -6.00, -0.12, 2.61, 0.77
3.95, 4.56, -6.06, -0.22, 2.43, 0.65
4.09, 4.97, -5.98, -0.21, 2.34, 0.55
4.34, 5.37, -5.79, -0.18, 2.35, 0.50
4.55, 5.57, -5.76, -0.18, 2.38, 0.45
5.08, 5.68, -5.49, -0.12, 2.38, 0.39
6.03, 5.65, -5.10, -0.11, 2.48, 0.32
6.80, 5.70, -4.82, -0.05, 2.50, 0.27
8.18, 5.56, -4.52, -0.03, 2.48, 0.19
9.56, 5.63, -4.28, -0.01, 2.07, 0.09
10.28, 5.58, -4.07, -0.01, 1.59, -0.05
10.54, 5.54, -4.15, -0.00, 1.25, -0.15
10.28, 5.50, -4.17, 0.01, 0.94, -0.22
9.69, 5.53, -4.33, -0.00, 0.65, -0.24
9.13, 5.41, -4.45, -0.00, 0.52, -0.23
8.61, 5.24, -4.54, -0.03, 0.42, -0.23
8.23, 5.19, -4.62, -0.07, 0.30, -0.26
7.85, 5.34, -4.58, -0.09, 0.26, -0.28
7.71, 5.77, -4.43, -0.08, 0.22, -0.26
7.24, 5.90, -4.53, -0.06, 0.15, -0.20
6.84, 5.68, -4.60, -0.07, 0.08, -0.10
6.27, 5.47, -4.73, -0.14, 0.14, -0.01
6.00, 5.60, -4.81, -0.19, 0.30, 0.09
6.24, 5.90, -4.82, -0.20, 0.50, 0.20
6.80, 6.06, -4.68, -0.18, 0.56, 0.30
7.22, 5.89, -4.62, -0.18, 0.46, 0.36
7.46, 5.54, -4.55, -0.22, 0.32, 0.38
7.64, 5.43, -4.47, -0.27, 0.31, 0.39
7.90, 5.47, -4.45, -0.33, 0.35, 0.38
8.32, 5.65, -4.34, -0.36, 0.27, 0.34
8.75, 5.91, -4.17, -0.38, 0.18, 0.31
8.92, 6.18, -4.05, -0.36, 0.12, 0.29
9.23, 6.17, -3.98, -0.34, 0.01, 0.24
9.22, 6.18, -3.90, -0.31, -0.13, 0.18
9.20, 6.20, -3.84, -0.29, -0.25, 0.13
9.01, 6.34, -3.92, -0.25, -0.34, 0.09
8.86, 6.38, -3.90, -0.21, -0.43, 0.05
8.73, 6.39, -3.96, -0.16, -0.50, 0.01
8.64, 6.33, -4.08, -0.10, -0.56, -0.03
8.68, 6.37, -4.11, -0.05, -0.61, -0.07
8.76, 6.54, -4.00, 0.01, -0.70, -0.10
8.63, 6.77, -4.20, 0.11, -0.79, -0.15
8.56, 6.88, -4.04, 0.24, -0.84, -0.22
8.56, 6.27, -4.09, 0.35, -0.92, -0.31
8.50, 5.61, -4.34, 0.36, -1.03, -0.41
8.34, 4.97, -4.63, 0.31, -1.14, -0.47
8.19, 4.77, -4.58, 0.22, -1.26, -0.52
7.72, 4.78, -4.64, 0.13, -1.38, -0.57
7.19, 5.12, -4.81, 0.09, -1.49, -0.61
6.75, 5.45, -5.06, 0.08, -1.48, -0.62
6.56, 5.45, -5.15, 0.07, -1.48, -0.62
6.33, 5.45, -5.27, 0.05, -1.57, -0.62
6.10, 6.02, -5.14, 0.02, -1.65, -0.62
5.66, 5.87, -5.50, 0.06, -1.71, -0.61
5.07, 5.84, -5.66, 0.08, -1.74, -0.63
4.81, 5.77, -5.76, 0.10, -1.73, -0.64
4.65, 5.64, -5.91, 0.11, -1.70, -0.64
4.53, 5.48, -6.04, 0.09, -1.76, -0.66
4.10, 5.33, -6.13, 0.03, -1.93, -0.69
3.56, 5.34, -6.36, -0.01, -2.01, -0.72
3.03, 5.41, -6.50, -0.04, -1.96, -0.74
2.51, 5.56, -6.52, -0.07, -1.89, -0.76
2.10, 5.58, -6.56, -0.10, -1.87, -0.78
1.87, 5.82, -6.69, -0.13, -1.83, -0.79
1.64, 5.97, -6.78, -0.13, -1.81, -0.81
1.39, 6.03, -6.76, -0.12, -1.79, -0.82
1.24, 6.15, -6.76, -0.11, -1.77, -0.82
1.22, 6.35, -6.85, -0.08, -1.78, -0.77
1.16, 6.44, -6.85, -0.05, -1.86, -0.68
1.00, 6.50, -6.65, -0.02, -1.95, -0.57
0.57, 6.31, -6.69, 0.01, -2.00, -0.49
0.27, 6.24, -6.69, 0.01, -2.01, -0.46
-0.04, 5.84, -6.66, -0.01, -2.01, -0.50
-0.26, 5.75, -6.65, -0.05, -2.00, -0.58
-0.54, 5.82, -6.63, -0.08, -2.01, -0.69
-0.84, 5.88, -6.51, -0.09, -2.02, -0.78
-1.41, 5.91, -6.58, -0.11, -2.02, -0.87
-1.96, 6.02, -6.41, -0.11, -2.02, -0.94
-2.75, 6.08, -6.56, -0.11, -1.99, -1.00
-3.46, 6.08, -6.32, -0.10, -1.94, -1.03
-4.52, 6.49, -6.73, -0.09, -1.84, -1.01
-4.97, 6.44, -6.49, -0.01, -1.65, -0.91
-5.37, 6.54, -6.57, 0.05, -1.38, -0.78
-5.17, 6.34, -6.36, 0.11, -1.17, -0.68
-4.61, 6.05, -6.38, 0.14, -1.08, -0.63
-4.47, 5.79, -6.45, 0.11, -1.09, -0.61
-4.62, 5.58, -6.43, 0.06, -1.07, -0.60
-4.83, 5.71, -6.24, 0.04, -1.03, -0.58
-5.05, 5.82, -6.08, 0.05, -1.00, -0.56
-5.18, 5.84, -6.13, 0.07, -0.98, -0.56
-5.59, 5.67, -6.08, 0.07, -0.97, -0.55
-6.19, 5.41, -5.94, 0.04, -0.93, -0.54
-6.73, 5.37, -6.03, -0.02, -0.84, -0.50
-7.54, 5.72, -5.90, -0.03, -0.71, -0.42
