0.93, 5.44, -8.31, 0.02, -0.07, 0.01
1.06, 5.42, -8.36, 0.02, -0.07, 0.00
0.88, 5.41, -8.35, 0.02, -0.08, 0.01
0.89, 5.37, -8.40, 0.02, -0.08, 0.01
0.90, 5.34, -8.39, 0.01, -0.09, 0.00
0.81, 5.36, -8.34, 0.01, -0.09, 0.01
0.84, 5.40, -8.41, 0.01, -0.09, 0.01
0.80, 5.40, -8.44, 0.02, -0.10, 0.01
0.82, 5.39, -8.44, 0.03, -0.10, 0.01
0.76, 5.29, -8.42, 0.03, -0.11, 0.01
0.67, 5.31, -8.45, 0.02, -0.10, 0.01
0.70, 5.27, -8.49, 0.02, -0.09, 0.01
0.63, 5.35, -8.43, 0.01, -0.09, 0.01
0.74, 5.33, -8.38, 0.00, -0.09, 0.02
0.77, 5.34, -8.47, -0.01, -0.10, 0.02
0.85, 5.36, -8.36, -0.03, -0.13, 0.02
0.76, 5.53, -8.23, -0.04, -0.18, 0.02
0.56, 5.54, -8.24, -0.03, -0.19, 0.03
0.47, 5.74, -8.26, 0.01, -0.18, 0.05
0.41, 5.62, -8.37, 0.03, -0.16, 0.07
0.50, 5.49, -8.24, 0.04, -0.14, 0.09
0.52, 5.46, -8.41, 0.04, -0.14, 0.10
0.48, 5.41, -8.43, 0.04, -0.13, 0.09
0.45, 5.38, -8.41, 0.04, -0.12, 0.08
0.58, 5.38, -8.38, 0.05, -0.10, 0.06
0.57, 5.43, -8.43, 0.05, -0.08, 0.04
0.65, 5.34, -8.45, 0.06, -0.07, 0.02
0.69, 5.39, -8.54, 0.08, -0.06, 0.01
0.88, 5.35, -8.66, 0.09, -0.05, -0.01
0.76, 5.19, -8.49, 0.07, -0.06, -0.02
0.92, 5.14, -8.43, 0.07, -0.06, -0.03
1.02, 5.20, -8.53, 0.06, -0.09, -0.04
0.94, 5.12, -8.51, 0.05, -0.12, -0.03
0.85, 5.09, -8.58, 0.05, -0.13, -0.02
0.92, 4.93, -8.52, 0.05, -0.12, -0.03
0.80, 4.66, -8.83, 0.03, -0.12, -0.09
0.07, 4.14, -8.98, -0.02, -0.09, -0.25
-1.32, 3.84, -9.11, -0.12, -0.02, -0.51
-3.54, 4.09, -9.23, -0.21, 0.23, -0.81
-4.85, 4.51, -8.99, -0.24, 0.79, -0.99
-4.00, 5.08, -8.73, -0.28, 1.38, -1.02
-2.12, 5.21, -8.24, -0.23, 1.62, -0.91
-0.50, 5.00, -7.92, -0.25, 1.66, -0.77
0.44, 4.77, -8.05, -0.31, 1.61, -0.58
0.74, 4.60, -8.17, -0.40, 1.52, -0.35
0.89, 4.64, -8.31, -0.52, 1.48, -0.11
0.97, 4.86, -8.37, -0.60, 1.49, 0.13
1.04, 5.00, -8.02, -0.63, 1.50, 0.34
1.11, 4.77, -7.94, -0.64, 1.54, 0.48
0.91, 4.28, -7.60, -0.71, 1.63, 0.56
1.03, 3.86, -7.20, -0.81, 1.72, 0.63
1.63, 3.85, -7.22, -0.94, 1.82, 0.69
2.31, 4.19, -6.98, -1.06, 1.83, 0.72
2.78, 4.94, -6.83, -1.15, 1.89, 0.75
3.52, 5.54, -5.84, -1.08, 1.95, 0.77
4.54, 6.00, -5.45, -1.05, 1.97, 0.76
5.61, 6.70, -5.72, -1.03, 1.89, 0.72
6.44, 7.16, -5.90, -0.97, 1.66, 0.65
6.79, 7.54, -5.70, -0.91, 1.32, 0.58
6.95, 7.88, -5.61, -0.79, 1.14, 0.56
7.32, 7.92, -5.53, -0.63, 1.08, 0.57
7.54, 7.49, -5.10, -0.51, 0.92, 0.54
7.33, 6.88, -5.08, -0.46, 0.61, 0.47
7.16, 6.67, -5.12, -0.46, 0.42, 0.42
7.40, 6.83, -5.21, -0.42, 0.47, 0.41
7.62, 6.95, -5.07, -0.38, 0.37, 0.39
7.92, 6.81, -4.59, -0.36, 0.06, 0.35
7.80, 6.87, -4.55, -0.38, -0.16, 0.32
7.77, 7.27, -4.90, -0.37, -0.29, 0.32
7.38, 7.77, -5.03, -0.33, -0.46, 0.33
6.87, 8.24, -5.13, -0.20, -0.59, 0.36
6.66, 8.11, -4.95, -0.03, -0.47, 0.37
6.93, 7.52, -4.81, 0.11, -0.25, 0.35
7.30, 6.75, -4.73, 0.16, -0.32, 0.28
7.49, 6.07, -4.86, 0.15, -0.60, 0.18
7.24, 6.02, -4.88, 0.10, -0.80, 0.12
6.80, 6.14, -4.87, 0.08, -0.82, 0.11
6.53, 6.13, -4.91, 0.09, -0.77, 0.13
6.70, 6.20, -4.92, 0.09, -0.68, 0.17
7.05, 6.04, -5.02, 0.07, -0.72, 0.19
6.98, 6.07, -5.03, 0.02, -0.98, 0.20
6.71, 6.20, -5.09, -0.01, -1.17, 0.21
6.56, 6.53, -5.31, -0.01, -1.11, 0.27
6.70, 6.70, -5.60, -0.00, -1.01, 0.32
6.97, 6.86, -5.60, 0.00, -1.14, 0.34
6.77, 7.08, -5.59, 0.02, -1.47, 0.32
6.42, 7.30, -5.60, 0.12, -1.63, 0.31
6.01, 6.91, -5.63, 0.19, -1.57, 0.30
5.87, 6.78, -5.75, 0.22, -1.56, 0.27
5.43, 6.64, -5.95, 0.24, -1.75, 0.21
4.88, 6.63, -6.17, 0.27, -1.93, 0.14
4.44, 6.77, -6.30, 0.37, -1.82, 0.11
4.52, 6.46, -6.42, 0.47, -1.62, 0.07
4.54, 6.01, -6.47, 0.55, -1.72, -0.01
4.24, 5.47, -6.84, 0.56, -1.96, -0.11
3.83, 4.95, -6.89, 0.52, -1.99, -0.20
3.63, 4.74, -7.01, 0.48, -1.85, -0.24
3.63, 4.65, -7.03, 0.44, -1.82, -0.28
3.63, 4.58, -7.03, 0.41, -2.01, -0.35
3.09, 4.45, -7.29, 0.38, -2.25, -0.43
2.42, 4.04, -7.59, 0.37, -2.25, -0.51
1.72, 4.19, -7.23, 0.32, -2.11, -0.58
1.49, 4.18, -7.33, 0.26, -2.06, -0.66
1.36, 4.35, -7.56, 0.21, -2.09, -0.76
1.07, 4.50, -7.63, 0.20, -2.15, -0.85
0.79, 4.56, -7.45, 0.22, -2.18, -0.96
0.40, 4.69, -7.32, 0.26, -2.19, -1.07
-0.22, 4.61, -7.21, 0.35, -2.21, -1.16
-0.97, 4.66, -7.18, 0.46, -2.20, -1.20
-1.54, 4.65, -7.40, 0.57, -2.10, -1.20
-2.09, 4.09, -7.91, 0.63, -2.17, -1.19
-3.07, 3.13, -7.94, 0.56, -2.29, -1.14
-4.65, 2.61, -7.78, 0.43, -2.21, -1.04
-5.73, 2.44, -7.65, 0.29, -1.92, -0.93
-6.27, 2.73, -7.59, 0.20, -1.60, -0.83
-6.13, 2.76, -7.64, 0.14, -1.35, -0.72
-5.82, 2.46, -7.78, 0.01, -1.23, -0.65
-6.03, 2.69, -7.89, -0.16, -1.16, -0.60
-6.24, 3.52, -7.84, -0.23, -1.06, -0.54
-6.64, 4.01, -7.62, -0.17, -0.94, -0.49
-7.00, 4.18, -7.74, -0.12, -0.83, -0.42
-7.31, 4.02, -7.73, -0.10, -0.68, -0.32
-7.44, 3.91, -7.60, -0.10, -0.51, -0.18
-7.75, 3.90, -7.54, -0.11, -0.37, -0.04
-7.77, 3.90, -7.52, -0.13, -0.19, 0.09
-7.76, 3.92, -7.44, -0.13, -0.00, 0.20
-7.30, 3.94, -7.26, -0.12, 0.17, 0.26
-7.03, 3.88, -7.36, -0.14, 0.28, 0.28
-7.03, 3.86, -7.41, -0.16, 0.38, 0.28
-7.11, 4.18, -7.36, -0.15, 0.52, 0.26
-7.30, 4.21, -7.23, -0.14, 0.68, 0.23
-7.06, 4.19, -7.28, -0.15, 0.86, 0.21
-6.80, 4.35, -7.50, -0.15, 1.01, 0.19
-6.44, 4.63, -7.54, -0.12, 1.09, 0.16
-6.44, 4.88, -7.55, -0.04, 1.19, 0.16
-6.28, 4.75, -7.56, 0.07, 1.32, 0.21
-5.93, 4.14, -7.59, 0.10, 1.45, 0.27
-5.66, 3.42, -7.78, 0.05, 1.53, 0.31
-5.30, 3.51, -7.68, -0.02, 1.63, 0.32
-5.12, 3.46, -7.62, -0.07, 1.76, 0.32
-4.38, 3.51, -7.61, -0.08, 1.88, 0.34
-3.58, 3.49, -7.63, -0.11, 1.93, 0.38
-2.74, 3.51, -7.70, -0.14, 1.92, 0.42
-2.18, 3.54, -7.77, -0.17, 1.88, 0.47
-1.59, 3.63, -7.75, -0.22, 1.84, 0.53
-1.01, 3.97, -7.91, -0.22, 1.76, 0.62
-0.62, 4.11, -7.96, -0.19, 1.64, 0.69
-0.16, 4.05, -7.90, -0.19, 1.61, 0.72
0.05, 4.15, -8.09, -0.19, 1.61, 0.70
0.41, 4.39, -8.25, -0.19, 1.55, 0.62
0.65, 4.40, -8.37, -0.20, 1.51, 0.52
0.61, 4.51, -8.48, -0.19, 1.47, 0.42
0.61, 4.56, -8.30, -0.16, 1.50, 0.35
0.75, 4.32, -8.25, -0.15, 1.57, 0.28
1.00, 4.01, -8.32, -0.19, 1.56, 0.21
0.78, 3.73, -8.31, -0.29, 1.62, 0.12
0.75, 3.92, -7.97, -0.37, 1.68, 0.05
1.14, 4.20, -7.76, -0.38, 1.84, 0.01
2.24, 4.56, -7.58, -0.39, 1.96, 0.01
3.08, 4.31, -7.78, -0.37, 1.85, -0.06
2.65, 4.16, -7.86, -0.38, 1.69, -0.13
2.15, 4.08, -7.41, -0.42, 1.72, -0.17
2.84, 4.66, -7.15, -0.51, 2.07, -0.16
3.57, 5.27, -6.94, -0.50, 2.21, -0.13
4.41, 5.36, -6.67, -0.35, 2.06, -0.08
5.57, 4.86, -6.57, -0.39, 2.13, -0.03
6.76, 4.81, -6.62, -0.46, 2.12, -0.01
7.65, 5.46, -6.44, -0.60, 1.71, -0.04
7.85, 6.17, -6.15, -0.62, 1.23, -0.06
7.83, 6.60, -6.03, -0.54, 1.11, -0.02
8.17, 6.58, -5.85, -0.46, 1.23, 0.05
8.85, 6.72, -5.86, -0.40, 1.07, 0.08
9.16, 6.83, -5.77, -0.35, 0.62, 0.09
8.94, 6.82, -5.90, -0.27, 0.19, 0.10
8.20, 6.63, -6.09, -0.22, -0.03, 0.11
7.65, 6.42, -6.11, -0.18, -0.07, 0.12
7.18, 6.32, -6.08, -0.16, -0.09, 0.13
6.88, 6.62, -6.19, -0.13, -0.16, 0.12
6.70, 6.84, -6.06, -0.02, -0.17, 0.11
6.74, 6.69, -6.19, 0.08, -0.14, 0.09
6.77, 6.44, -6.20, 0.13, -0.21, 0.06
6.89, 6.11, -6.33, 0.14, -0.36, 0.04
6.84, 5.89, -6.33, 0.14, -0.46, 0.02
7.03, 5.88, -6.31, 0.10, -0.49, 0.02
7.02, 6.07, -6.37, 0.10, -0.64, 0.02
6.80, 6.18, -6.22, 0.12, -0.87, 0.02
6.47, 6.22, -6.39, 0.17, -1.00, 0.03
6.29, 6.17, -6.46, 0.23, -1.03, 0.05
6.10, 5.95, -6.54, 0.25, -1.12, 0.08
5.83, 5.77, -6.69, 0.26, -1.27, 0.11
5.65, 5.70, -6.72, 0.26, -1.37, 0.14
5.57, 5.73, -6.77, 0.27, -1.39, 0.18
5.52, 5.66, -6.84, 0.30, -1.47, 0.22
5.98, 5.27, -6.93, 0.31, -1.59, 0.26
6.50, 4.78, -6.99, 0.29, -1.74, 0.31
6.29, 4.45, -6.65, 0.19, -2.14, 0.28
4.68, 4.78, -6.65, 0.14, -2.76, 0.20
2.65, 5.37, -7.05, 0.20, -2.80, 0.17
1.27, 5.46, -7.31, 0.31, -2.16, 0.20
0.98, 5.16, -7.32, 0.36, -1.90, 0.20
1.06, 4.53, -7.65, 0.37, -1.93, 0.17
1.19, 4.13, -7.82, 0.34, -1.83, 0.14
0.97, 3.93, -7.79, 0.27, -1.80, 0.07
0.72, 3.87, -7.92, 0.21, -1.78, -0.01
0.75, 3.81, -8.05, 0.16, -1.68, -0.10
0.97, 3.73, -8.16, 0.11, -1.65, -0.20
0.92, 3.50, -8.35, 0.05, -1.70, -0.30
0.68, 3.17, -8.37, -0.05, -1.70, -0.41
0.17, 3.15, -8.29, -0.15, -1.68, -0.53
-0.15, 3.38, -8.02, -0.23, -1.64, -0.64
-0.03, 3.81, -7.92, -0.25, -1.65, -0.73
-0.31, 4.31, -7.90, -0.25, -1.76, -0.79
-0.63, 4.75, -7.44, -0.15, -1.87, -0.79
-1.14, 5.05, -7.20, -0.03, -1.90, -0.75
-1.35, 5.05, -7.13, 0.11, -1.96, -0.70
-1.71, 4.95, -7.24, 0.23, -2.08, -0.64
-2.39, 4.54, -7.44, 0.29, -2.19, -0.58
-3.24, 4.19, -7.33, 0.30, -2.19, -0.51
-3.92, 3.60, -7.52, 0.23, -2.12, -0.45
-4.84, 3.51, -7.41, 0.14, -2.07, -0.39
-5.93, 3.58, -7.46, 0.07, -1.97, -0.37
-6.96, 3.78, -7.59, 0.02, -1.76, -0.39
-7.62, 3.72, -7.38, 0.00, -1.49, -0.40
-8.09, 3.77, -7.45, -0.03, -1.22, -0.39
-8.19, 3.79, -7.44, -0.07, -0.97, -0.35
-8.19, 3.70, -7.51, -0.13, -0.73, -0.27
-8.07, 3.72, -7.32, -0.19, -0.50, -0.21
-7.88, 4.10, -7.30, -0.21, -0.32, -0.18
-7.75, 4.21, -7.27, -0.21, -0.15, -0.14
-7.31, 4.09, -7.15, -0.21, 0.02, -0.09
-6.97, 3.98, -7.25, -0.23, 0.14, -0.06
-6.49, 4.17, -7.03, -0.24, 0.22, -0.05
-6.50, 4.31, -7.12, -0.25, 0.27, -0.05
-6.69, 4.37, -7.12, -0.26, 0.35, -0.04
-6.70, 4.32, -7.15, -0.27, 0.46, -0.01
-6.78, 4.33, -7.21, -0.30, 0.55, 0.03
-6.80, 4.42, -7.19, -0.31, 0.65, 0.07
-6.90, 4.36, -7.17, -0.32, 0.78, 0.13
-6.95, 4.38, -7.33, -0.34, 0.92, 0.20
-6.61, 4.36, -7.29, -0.36, 1.09, 0.30
-6.16, 4.30, -7.24, -0.37, 1.18, 0.37
-5.79, 4.45, -7.16, -0.38, 1.26, 0.47
-5.41, 4.23, -7.03, -0.39, 1.36, 0.57
-4.91, 4.28, -7.34, -0.41, 1.42, 0.64
-4.50, 4.28, -7.27, -0.44, 1.47, 0.70
-3.89, 4.39, -7.24, -0.45, 1.53, 0.74
-3.53, 4.38, -7.35, -0.46, 1.55, 0.78
-3.16, 4.49, -7.40, -0.46, 1.56, 0.78
-2.89, 4.52, -7.50, -0.47, 1.58, 0.79
-2.52, 4.52, -7.40, -0.47, 1.62, 0.78
-2.07, 4.52, -7.47, -0.48, 1.62, 0.75
-1.54, 4.59, -7.46, -0.50, 1.63, 0.71
-1.19, 4.69, -7.58, -0.51, 1.62, 0.67
-0.94, 4.59, -7.54, -0.53, 1.64, 0.60
-0.53, 4.64, -7.48, -0.56, 1.69, 0.52
-0.30, 4.56, -7.43, -0.59, 1.70, 0.41
0.06, 4.76, -7.57, -0.63, 1.69, 0.30
0.13, 4.89, -7.43, -0.65, 1.70, 0.19
0.17, 4.99, -7.41, -0.68, 1.69, 0.12
0.26, 5.07, -7.36, -0.72, 1.72, 0.08
0.48, 5.15, -7.12, -0.77, 1.76, 0.06
0.76, 5.37, -7.06, -0.81, 1.78, 0.06
1.15, 5.66, -6.78, -0.84, 1.79, 0.08
1.35, 5.86, -6.65, -0.84, 1.80, 0.11
1.55, 5.97, -6.50, -0.84, 1.80, 0.14
1.82, 6.07, -6.30, -0.86, 1.84, 0.19
2.47, 6.24, -6.00, -0.90, 1.99, 0.26
3.40, 6.70, -5.84, -0.89, 1.97, 0.33
4.06, 6.90, -5.54, -0.88, 1.82, 0.37
4.31, 7.03, -5.50, -0.87, 1.59, 0.36
4.29, 7.23, -5.21, -0.84, 1.43, 0.38
4.64, 7.73, -5.23, -0.79, 1.47, 0.44
5.23, 8.26, -5.11, -0.70, 1.44, 0.48
5.41, 8.23, -4.98, -0.62, 1.20, 0.48
5.74, 8.18, -4.93, -0.58, 1.03, 0.47
6.22, 8.47, -4.78, -0.52, 1.10, 0.48
7.07, 8.55, -4.52, -0.46, 1.06, 0.44
7.42, 8.82, -4.42, -0.35, 0.71, 0.36
7.37, 8.81, -4.31, -0.25, 0.31, 0.26
7.24, 8.61, -4.40, -0.15, 0.13, 0.18
7.06, 8.35, -4.53, -0.09, 0.05, 0.12
6.85, 8.15, -4.64, -0.07, -0.13, 0.06
6.50, 8.08, -4.49, -0.04, -0.30, 0.02
6.25, 8.24, -4.65, -0.02, -0.33, -0.00
6.02, 8.21, -4.70, 0.02, -0.32, -0.02
5.97, 8.14, -4.76, 0.06, -0.40, -0.05
5.91, 8.12, -4.75, 0.09, -0.50, -0.07
5.88, 8.08, -4.81, 0.13, -0.53, -0.07
5.80, 8.08, -4.82, 0.17, -0.56, -0.08
5.71, 8.10, -4.99, 0.22, -0.66, -0.09
5.59, 8.00, -5.06, 0.27, -0.75, -0.10
5.54, 7.85, -5.17, 0.30, -0.76, -0.10
5.45, 7.85, -5.38, 0.34, -0.78, -0.10
5.53, 7.73, -5.43, 0.37, -0.85, -0.10
5.36, 7.63, -5.48, 0.39, -0.96, -0.11
5.25, 7.58, -5.56, 0.43, -1.05, -0.12
4.98, 7.47, -5.74, 0.46, -1.13, -0.13
4.65, 7.35, -5.83, 0.50, -1.18, -0.13
4.54, 7.20, -5.86, 0.52, -1.18, -0.12
4.41, 7.15, -5.99, 0.54, -1.22, -0.13
4.34, 7.03, -6.13, 0.56, -1.29, -0.13
4.12, 6.94, -6.21, 0.58, -1.37, -0.14
3.90, 6.95, -6.33, 0.60, -1.42, -0.15
3.94, 7.02, -6.17, 0.64, -1.43, -0.14
3.99, 7.00, -6.20, 0.69, -1.46, -0.13
4.33, 7.22, -6.13, 0.72, -1.58, -0.13
4.81, 7.44, -5.83, 0.83, -1.71, -0.12
4.80, 7.43, -5.91, 0.94, -2.02, -0.16
3.82, 7.10, -6.01, 1.05, -2.50, -0.24
2.72, 6.48, -6.29, 1.15, -2.74, -0.33
1.58, 5.88, -6.46, 1.24, -2.50, -0.37
0.68, 4.97, -6.49, 1.23, -2.40, -0.46
0.06, 4.33, -6.93, 1.20, -2.47, -0.56
-0.93, 3.69, -7.04, 1.09, -2.37, -0.66
-1.59, 3.13, -7.36, 0.91, -2.23, -0.76
-2.50, 2.72, -7.61, 0.72, -2.11, -0.87
-3.11, 2.73, -7.71, 0.54, -1.93, -0.96
-3.47, 3.12, -7.84, 0.40, -1.71, -1.03
-3.46, 3.53, -8.03, 0.33, -1.54, -1.07
-3.34, 3.93, -7.92, 0.33, -1.43, -1.09
-3.32, 3.95, -7.87, 0.36, -1.37, -1.09
-3.23, 3.94, -7.81, 0.39, -1.34, -1.05
-3.12, 3.84, -7.52, 0.43, -1.33, -1.00
-2.91, 3.73, -7.45, 0.46, -1.41, -0.94
-3.13, 3.55, -7.41, 0.45, -1.59, -0.90
-3.93, 3.42, -7.29, 0.42, -1.69, -0.85
-4.75, 3.24, -7.16, 0.43, -1.67, -0.81
-5.37, 3.35, -7.00, 0.44, -1.63, -0.76
-5.66, 3.33, -6.93, 0.49, -1.58, -0.71
-5.90, 3.01, -6.86, 0.55, -1.56, -0.66
-6.17, 2.57, -6.77, 0.58, -1.57, -0.66
-6.94, 2.15, -6.94, 0.56, -1.55, -0.67
-7.77, 1.82, -7.13, 0.50, -1.49, -0.67
-8.78, 1.54, -7.02, 0.43, -1.35, -0.64
-9.48, 1.53, -6.98, 0.34, -1.16, -0.54
-10.04, 1.40, -6.89, 0.25, -0.91, -0.37
-10.23, 1.33, -6.80, 0.17, -0.65, -0.19
-10.06, 1.33, -6.81, 0.08, -0.40, -0.05
-9.83, 1.44, -7.00, -0.01, -0.21, 0.03
-9.45, 1.50, -6.76, -0.09, -0.06, 0.06
-9.41, 1.61, -6.82, -0.19, 0.07, 0.08
-9.50, 1.91, -6.76, -0.26, 0.21, 0.12
-9.53, 2.17, -6.69, -0.30, 0.39, 0.17
-9.38, 2.34, -6.58, -0.34, 0.57, 0.21
-8.87, 2.42, -6.61, -0.36, 0.74, 0.24
-8.66, 2.46, -6.62, -0.39, 0.87, 0.25
-8.23, 2.61, -6.66, -0.41, 0.99, 0.24
-7.85, 2.74, -6.83, -0.42, 1.10, 0.25
-7.52, 2.87, -6.75, -0.43, 1.18, 0.25
-7.47, 2.94, -6.85, -0.43, 1.26, 0.24
-7.40, 3.05, -6.93, -0.42, 1.39, 0.25
-7.09, 3.02, -7.07, -0.39, 1.52, 0.29
-6.78, 2.89, -7.13, -0.40, 1.63, 0.33
-6.60, 2.78, -7.22, -0.45, 1.75, 0.37
-6.17, 2.79, -7.15, -0.49, 1.89, 0.38
-5.54, 3.10, -7.21, -0.52, 1.98, 0.39
-5.01, 3.34, -7.09, -0.54, 2.04, 0.37
-4.88, 3.36, -7.37, -0.56, 2.13, 0.35
-4.64, 3.47, -7.35, -0.58, 2.24, 0.33
-4.09, 3.60, -7.17, -0.59, 2.34, 0.32
-3.48, 3.69, -7.07, -0.59, 2.42, 0.32
-2.63, 3.91, -7.23, -0.58, 2.46, 0.32
-2.25, 3.93, -7.28, -0.57, 2.48, 0.33
-1.75, 3.89, -7.31, -0.57, 2.51, 0.34
-1.05, 3.82, -7.27, -0.61, 2.53, 0.33
-0.29, 3.89, -7.28, -0.65, 2.51, 0.34
0.51, 4.03, -7.32, -0.70, 2.48, 0.36
1.28, 4.24, -7.48, -0.76, 2.42, 0.39
1.80, 4.28, -7.35, -0.83, 2.32, 0.40
2.25, 4.28, -7.29, -0.92, 2.25, 0.37
2.45, 4.65, -7.30, -0.95, 2.09, 0.34
2.42, 5.04, -7.14, -0.92, 1.93, 0.34
2.15, 5.34, -7.08, -0.88, 1.89, 0.34
1.77, 5.20, -7.15, -0.83, 1.92, 0.36
1.66, 4.78, -6.90, -0.86, 2.01, 0.40
1.90, 4.47, -6.54, -0.97, 2.14, 0.43
2.59, 4.78, -6.23, -1.05, 2.24, 0.45
3.53, 5.53, -6.00, -1.09, 2.33, 0.48
4.49, 6.23, -5.77, -1.07, 2.42, 0.49
5.51, 6.75, -5.36, -0.94, 2.41, 0.49
6.56, 7.08, -5.34, -0.86, 2.27, 0.46
7.66, 7.52, -5.21, -0.76, 2.10, 0.41
8.38, 7.68, -5.17, -0.61, 1.82, 0.33
9.04, 7.65, -5.16, -0.52, 1.45, 0.23
8.92, 7.37, -5.07, -0.39, 1.00, 0.13
8.88, 7.44, -5.21, -0.36, 0.74, 0.07
8.74, 7.45, -5.17, -0.27, 0.59, 0.05
8.58, 7.31, -5.08, -0.20, 0.42, 0.04
8.22, 7.15, -5.07, -0.15, 0.20, 0.02
8.07, 7.05, -5.01, -0.09, 0.01, -0.00
7.68, 6.84, -5.07, -0.06, -0.10, -0.02
7.37, 6.71, -5.09, -0.04, -0.17, -0.03
7.14, 6.66, -5.13, -0.02, -0.25, -0.03
6.90, 6.65, -5.20, -0.01, -0.33, -0.03
6.66, 6.55, -5.20, -0.00, -0.35, -0.02
6.74, 6.60, -5.29, 0.01, -0.34, -0.01
6.84, 6.67, -5.32, 0.01, -0.41, -0.01
6.79, 6.62, -5.31, 0.01, -0.60, -0.02
6.49, 6.80, -5.46, 0.03, -0.71, -0.02
6.41, 6.85, -5.43, 0.07, -0.68, -0.00
6.51, 6.88, -5.57, 0.10, -0.68, 0.02
6.46, 6.86, -5.55, 0.13, -0.85, 0.02
6.22, 6.96, -5.53, 0.16, -1.02, 0.02
6.17, 6.95, -5.74, 0.22, -1.07, 0.03
5.94, 6.85, -5.77, 0.27, -1.10, 0.03
5.82, 6.83, -5.81, 0.31, -1.25, 0.02
5.37, 6.83, -5.91, 0.34, -1.39, 0.00
5.03, 6.65, -6.03, 0.40, -1.42, -0.01
4.84, 6.58, -6.12, 0.44, -1.38, -0.03
4.58, 6.35, -6.26, 0.47, -1.41, -0.06
4.34, 6.21, -6.45, 0.49, -1.49, -0.11
3.93, 6.09, -6.61, 0.51, -1.56, -0.16
3.58, 5.94, -6.57, 0.53, -1.54, -0.21
3.32, 5.89, -6.84, 0.54, -1.48, -0.25
3.15, 5.75, -6.99, 0.53, -1.48, -0.30
2.88, 5.69, -7.06, 0.51, -1.53, -0.36
2.52, 5.72, -7.16, 0.50, -1.52, -0.41
2.38, 5.84, -7.18, 0.51, -1.44, -0.46
2.22, 5.89, -7.19, 0.53, -1.42, -0.51
2.17, 5.92, -7.31, 0.58, -1.44, -0.57
1.99, 5.88, -7.34, 0.64, -1.45, -0.63
1.96, 5.64, -7.32, 0.71, -1.47, -0.68
1.78, 5.46, -7.55, 0.76, -1.52, -0.72
1.59, 5.16, -7.61, 0.81, -1.59, -0.75
1.45, 4.83, -7.64, 0.82, -1.68, -0.77
0.95, 4.45, -7.66, 0.83, -1.77, -0.77
0.56, 4.24, -7.73, 0.82, -1.82, -0.78
0.14, 4.02, -7.85, 0.79, -1.82, -0.76
-0.21, 3.75, -7.90, 0.77, -1.84, -0.74
-0.66, 3.70, -7.93, 0.74, -1.90, -0.71
-1.08, 3.56, -7.92, 0.71, -1.98, -0.68
-1.44, 3.50, -7.91, 0.69, -2.01, -0.62
-1.97, 3.38, -7.91, 0.66, -2.02, -0.54
-2.24, 3.33, -7.72, 0.64, -1.99, -0.45
-2.36, 3.42, -7.84, 0.66, -2.00, -0.36
-2.55, 3.21, -7.65, 0.66, -2.07, -0.29
-2.98, 3.06, -7.59, 0.64, -2.13, -0.23
-3.28, 2.92, -7.25, 0.63, -2.17, -0.18
-3.76, 3.00, -7.08, 0.62, -2.22, -0.15
-4.47, 3.23, -7.13, 0.65, -2.22, -0.16
-5.28, 3.45, -7.23, 0.72, -2.13, -0.23
-5.65, 3.18, -7.17, 0.82, -1.99, -0.34
-6.00, 2.72, -7.24, 0.87, -1.87, -0.43
-6.51, 2.11, -7.35, 0.84, -1.80, -0.51
-7.38, 1.35, -7.24, 0.77, -1.71, -0.51
-8.10, 0.93, -7.10, 0.64, -1.53, -0.47
-8.85, 0.70, -7.13, 0.48, -1.30, -0.37
-9.32, 0.67, -7.22, 0.35, -1.06, -0.25
-9.60, 0.79, -7.29, 0.22, -0.80, -0.13
-9.41, 0.85, -7.12, 0.11, -0.54, -0.02
-9.14, 0.93, -7.01, 0.04, -0.35, 0.07
-8.73, 1.14, -6.94, -0.02, -0.22, 0.12
-8.46, 1.17, -6.93, -0.06, -0.10, 0.13
-8.26, 1.22, -6.89, -0.09, 0.01, 0.13
-8.26, 1.21, -6.84, -0.13, 0.09, 0.10
-8.15, 1.25, -6.80, -0.18, 0.20, 0.07
-8.27, 1.27, -6.85, -0.23, 0.31, 0.04
-8.33, 1.27, -6.87, -0.28, 0.42, 0.01
-8.46, 1.39, -6.90, -0.32, 0.54, 0.02
-8.32, 1.44, -6.91, -0.36, 0.68, 0.04
-8.27, 1.42, -7.03, -0.40, 0.77, 0.05
-8.52, 1.59, -7.04, -0.46, 0.89, 0.04
-8.84, 1.83, -7.12, -0.50, 1.07, 0.04
-8.76, 2.09, -7.01, -0.50, 1.27, 0.06
-8.30, 2.03, -7.10, -0.51, 1.45, 0.09
-7.81, 1.98, -7.04, -0.52, 1.56, 0.10
-7.51, 2.09, -7.09, -0.54, 1.68, 0.09
-7.02, 2.15, -7.09, -0.56, 1.82, 0.07
-6.35, 2.25, -7.08, -0.57, 1.92, 0.05
-5.63, 2.42, -7.12, -0.57, 1.96, 0.03
-5.12, 2.46, -7.23, -0.59, 1.98, -0.00
-4.75, 2.59, -7.36, -0.61, 2.01, -0.03
-4.20, 2.77, -7.35, -0.62, 2.05, -0.06
-3.82, 2.97, -7.50, -0.65, 2.08, -0.07
-3.25, 3.11, -7.66, -0.65, 2.07, -0.07
-2.85, 3.21, -7.82, -0.66, 2.04, -0.06
-2.81, 3.18, -7.98, -0.70, 2.02, -0.07
-2.60, 3.26, -7.86, -0.75, 2.05, -0.05
-2.32, 3.39, -7.89, -0.79, 2.09, -0.02
-1.80, 3.56, -7.96, -0.81, 2.10, 0.01
-1.55, 3.63, -7.98, -0.82, 2.11, 0.05
-1.26, 3.67, -7.92, -0.84, 2.12, 0.08
-1.11, 3.60, -7.86, -0.89, 2.16, 0.09
-0.72, 3.66, -7.73, -0.93, 2.20, 0.11
-0.35, 3.65, -7.52, -0.98, 2.26, 0.14
0.44, 3.93, -7.41, -1.02, 2.28, 0.17
1.18, 4.14, -7.45, -1.06, 2.27, 0.20
1.78, 4.38, -7.43, -1.08, 2.22, 0.22
2.13, 4.52, -7.36, -1.13, 2.21, 0.20
2.45, 4.89, -7.05, -1.10, 2.15, 0.19
2.97, 5.35, -6.89, -1.09, 2.07, 0.18
3.21, 5.73, -6.85, -1.06, 2.01, 0.18
3.56, 5.87, -6.66, -1.00, 1.92, 0.18
3.87, 6.03, -6.53, -1.01, 1.92, 0.20
4.45, 6.17, -6.50, -0.98, 1.92, 0.24
5.05, 6.40, -6.31, -0.98, 1.89, 0.33
5.79, 6.63, -6.12, -0.97, 1.77, 0.44
6.39, 7.15, -6.16, -0.91, 1.59, 0.56
7.11, 7.70, -5.96, -0.79, 1.32, 0.67
7.53, 8.04, -5.85, -0.62, 1.03, 0.73
7.59, 7.91, -5.64, -0.44, 0.68, 0.69
7.21, 7.50, -5.76, -0.29, 0.35, 0.58
6.81, 7.05, -5.99, -0.19, 0.24, 0.47
6.67, 6.74, -5.96, -0.14, 0.32, 0.39
6.72, 6.68, -5.98, -0.13, 0.34, 0.31
6.81, 6.63, -6.03, -0.12, 0.20, 0.22
6.87, 6.69, -5.92, -0.10, 0.07, 0.14
6.95, 6.59, -6.00, -0.08, 0.02, 0.06
6.85, 6.51, -5.98, -0.06, -0.02, -0.01
6.76, 6.53, -5.91, -0.06, -0.14, -0.07
6.58, 6.57, -5.92, -0.05, -0.24, -0.10
6.49, 6.65, -5.95, -0.03, -0.27, -0.11
6.35, 6.73, -6.00, 0.00, -0.30, -0.11
6.14, 6.73, -6.06, 0.03, -0.38, -0.10
6.08, 6.78, -6.02, 0.06, -0.45, -0.09
5.95, 6.82, -6.07, 0.10, -0.49, -0.06
5.85, 6.74, -6.07, 0.14, -0.54, -0.03
5.69, 6.80, -6.20, 0.18, -0.60, -0.00
5.79, 6.82, -6.18, 0.23, -0.65, 0.02
5.53, 6.73, -6.27, 0.27, -0.71, 0.04
5.40, 6.67, -6.43, 0.32, -0.75, 0.06
5.23, 6.62, -6.50, 0.37, -0.77, 0.07
5.21, 6.41, -6.62, 0.41, -0.82, 0.08
4.97, 6.28, -6.74, 0.44, -0.89, 0.08
4.93, 6.19, -6.72, 0.47, -0.92, 0.09
4.79, 6.11, -6.98, 0.50, -0.95, 0.09
4.64, 5.97, -6.86, 0.53, -1.02, 0.08
4.35, 5.86, -7.08, 0.56, -1.10, 0.06
4.16, 5.71, -7.15, 0.59, -1.11, 0.05
4.13, 5.59, -7.18, 0.61, -1.10, 0.05
4.14, 5.59, -7.36, 0.62, -1.14, 0.04
4.00, 5.51, -7.31, 0.64, -1.26, 0.02
3.79, 5.53, -7.41, 0.68, -1.36, 0.00
3.67, 5.47, -7.33, 0.73, -1.33, 0.00
3.84, 5.45, -7.35, 0.77, -1.35, 0.01
3.75, 5.45, -7.26, 0.81, -1.54, 0.00
3.43, 5.58, -7.37, 0.87, -1.77, 0.00
2.74, 5.61, -7.45, 0.99, -1.90, 0.00
2.11, 5.43, -7.58, 1.12, -1.84, 0.03
1.77, 4.89, -7.70, 1.20, -1.82, 0.04
1.51, 4.30, -7.86, 1.26, -1.89, 0.04
1.33, 3.67, -7.93, 1.27, -1.97, 0.02
0.92, 3.07, -8.09, 1.24, -2.01, -0.02
0.78, 2.57, -8.10, 1.17, -2.07, -0.08
0.39, 2.24, -8.28, 1.07, -2.13, -0.13
0.03, 2.09, -8.36, 0.98, -2.12, -0.18
-0.23, 1.92, -8.31, 0.88, -2.10, -0.21
-0.36, 1.78, -8.30, 0.79, -2.13, -0.23
-0.64, 1.69, -8.31, 0.71, -2.18, -0.26
-1.03, 1.75, -8.31, 0.64, -2.25, -0.29
-1.42, 1.70, -8.19, 0.60, -2.38, -0.33
-2.07, 1.53, -8.12, 0.58, -2.51, -0.37
-3.08, 1.31, -8.13, 0.56, -2.59, -0.42
-4.32, 1.00, -8.24, 0.51, -2.57, -0.46
-5.81, 0.66, -7.98, 0.42, -2.44, -0.46
-7.10, 0.59, -8.25, 0.34, -2.18, -0.40
-8.08, 0.51, -8.35, 0.26, -1.82, -0.28
-8.72, 0.52, -8.53, 0.17, -1.45, -0.11
-8.86, 0.62, -8.62, 0.07, -1.06, 0.05
-8.31, 0.94, -8.42, 0.00, -0.71, 0.18
-7.53, 1.20, -8.40, 0.00, -0.50, 0.22
-6.93, 1.18, -8.11, 0.00, -0.41, 0.21
-6.67, 0.99, -8.10, -0.01, -0.33, 0.18
-6.55, 0.93, -7.92, -0.05, -0.24, 0.15
-6.55, 1.02, -7.94, -0.09, -0.15, 0.11
-6.39, 1.05, -8.02, -0.13, -0.07, 0.06
-6.25, 1.17, -7.89, -0.17, -0.01, 0.02
-6.40, 1.27, -7.93, -0.21, 0.06, -0.02
-6.44, 1.39, -7.99, -0.24, 0.16, -0.04
-6.32, 1.53, -7.86, -0.26, 0.24, -0.07
-6.14, 1.65, -8.04, -0.28, 0.30, -0.08
-6.22, 1.72, -8.01, -0.30, 0.38, -0.08
-6.18, 1.78, -8.02, -0.31, 0.45, -0.08
-5.99, 1.74, -8.10, -0.33, 0.53, -0.07
-5.88, 1.74, -8.10, -0.36, 0.60, -0.06
-5.74, 1.79, -8.06, -0.39, 0.67, -0.05
-5.59, 1.88, -8.19, -0.42, 0.74, -0.05
-5.46, 1.88, -8.17, -0.44, 0.81, -0.03
-5.34, 1.95, -8.26, -0.46, 0.87, -0.03
-5.23, 1.95, -8.31, -0.50, 0.93, -0.03
-5.08, 2.11, -8.27, -0.52, 1.00, -0.04
-5.00, 2.24, -8.43, -0.54, 1.07, -0.04
-4.72, 2.23, -8.40, -0.55, 1.13, -0.04
-4.54, 2.33, -8.49, -0.57, 1.19, -0.06
-4.29, 2.43, -8.39, -0.58, 1.25, -0.07
-4.18, 2.60, -8.45, -0.58, 1.31, -0.09
-3.85, 2.73, -8.48, -0.58, 1.36, -0.12
-3.69, 2.74, -8.49, -0.58, 1.40, -0.15
-3.55, 2.82, -8.48, -0.57, 1.44, -0.17
-3.42, 2.90, -8.61, -0.57, 1.50, -0.18
-3.11, 3.01, -8.64, -0.56, 1.56, -0.18
-2.86, 3.00, -8.54, -0.56, 1.62, -0.17
-2.46, 2.81, -8.54, -0.58, 1.69, -0.15
-2.05, 2.65, -8.57, -0.64, 1.71, -0.13
-1.56, 2.70, -8.48, -0.72, 1.74, -0.11
-1.21, 2.85, -8.54, -0.79, 1.73, -0.10
-1.00, 3.21, -8.57, -0.83, 1.73, -0.10
-0.79, 3.50, -8.64, -0.83, 1.74, -0.12
-0.73, 3.65, -8.56, -0.82, 1.76, -0.12
-0.60, 3.79, -8.36, -0.81, 1.79, -0.13
