-8.67, 3.23, -5.73, -0.12, 0.23, 0.00
-8.46, 3.31, -5.82, -0.12, 0.31, 0.01
-8.31, 3.42, -5.95, -0.12, 0.40, 0.03
-8.10, 3.53, -5.83, -0.12, 0.47, 0.04
-7.95, 3.45, -5.85, -0.12, 0.54, 0.07
-7.78, 3.39, -5.99, -0.14, 0.60, 0.09
-7.68, 3.56, -6.07, -0.15, 0.67, 0.12
-7.47, 3.67, -6.07, -0.15, 0.74, 0.17
-7.45, 3.76, -6.23, -0.13, 0.78, 0.23
-7.48, 3.75, -6.29, -0.11, 0.86, 0.29
-7.45, 3.68, -6.38, -0.10, 0.97, 0.37
-7.10, 3.76, -6.49, -0.10, 1.05, 0.46
-7.07, 3.70, -6.65, -0.10, 1.12, 0.55
-7.12, 3.72, -6.76, -0.10, 1.23, 0.65
-7.05, 3.59, -6.89, -0.11, 1.35, 0.75
-7.24, 3.55, -7.02, -0.13, 1.50, 0.84
-6.90, 3.52, -6.90, -0.14, 1.71, 0.94
-5.82, 3.45, -6.85, -0.17, 1.85, 1.02
-4.73, 3.46, -6.90, -0.21, 1.83, 1.10
-3.89, 3.48, -7.00, -0.23, 1.78, 1.18
-3.65, 3.49, -7.19, -0.25, 1.74, 1.27
-3.59, 3.34, -7.37, -0.29, 1.73, 1.35
-2.67, 2.79, -7.95, -0.36, 1.76, 1.42
-2.67, 2.96, -7.49, -0.45, 1.78, 1.49
-2.08, 3.00, -7.53, -0.55, 1.78, 1.57
-1.64, 3.21, -7.47, -0.63, 1.76, 1.65
-1.10, 3.25, -7.48, -0.72, 1.70, 1.72
-0.98, 3.42, -7.54, -0.81, 1.69, 1.75
-0.71, 3.69, -7.52, -0.88, 1.69, 1.74
-0.40, 4.07, -7.56, -0.93, 1.72, 1.74
0.03, 4.46, -7.28, -0.94, 1.72, 1.75
0.21, 4.70, -7.25, -0.92, 1.72, 1.77
0.42, 4.93, -7.24, -0.91, 1.73, 1.75
0.56, 5.14, -7.10, -0.90, 1.79, 1.71
0.78, 5.39, -6.83, -0.86, 1.88, 1.65
1.18, 5.60, -6.74, -0.79, 1.97, 1.59
1.54, 5.78, -6.57, -0.73, 2.05, 1.52
2.06, 5.70, -6.14, -0.67, 2.16, 1.44
2.77, 5.60, -6.07, -0.69, 2.31, 1.36
3.47, 5.78, -5.94, -0.61, 2.24, 1.27
4.05, 6.04, -5.85, -0.56, 2.12, 1.18
4.43, 6.19, -5.64, -0.53, 2.12, 1.10
4.88, 6.13, -5.42, -0.45, 2.15, 1.03
5.53, 6.20, -5.23, -0.43, 2.15, 0.94
6.17, 6.36, -5.01, -0.36, 2.02, 0.85
6.56, 6.49, -4.78, -0.31, 1.85, 0.76
7.00, 6.42, -4.61, -0.26, 1.71, 0.70
7.22, 6.39, -4.43, -0.20, 1.61, 0.64
7.42, 6.30, -4.42, -0.17, 1.47, 0.58
7.48, 6.19, -4.19, -0.14, 1.34, 0.54
7.55, 6.15, -4.24, -0.12, 1.20, 0.52
7.42, 5.95, -4.19, -0.11, 1.11, 0.50
7.34, 5.81, -4.03, -0.11, 1.05, 0.49
7.26, 5.78, -3.93, -0.12, 1.04, 0.49
7.35, 5.77, -3.99, -0.11, 1.05, 0.49
7.54, 5.60, -3.79, -0.12, 1.02, 0.49
7.68, 5.54, -3.76, -0.14, 0.96, 0.47
7.78, 5.34, -3.65, -0.17, 0.94, 0.44
8.02, 5.45, -3.39, -0.19, 0.95, 0.39
8.37, 5.63, -3.39, -0.19, 0.92, 0.35
8.74, 5.69, -3.24, -0.17, 0.83, 0.31
9.12, 5.85, -3.15, -0.16, 0.74, 0.28
9.37, 5.98, -3.00, -0.15, 0.66, 0.25
9.36, 5.99, -2.87, -0.13, 0.55, 0.22
9.81, 5.88, -2.92, -0.11, 0.49, 0.20
10.17, 5.93, -2.71, -0.06, 0.37, 0.17
10.22, 5.87, -2.69, -0.04, 0.21, 0.11
10.37, 5.71, -2.58, -0.04, 0.08, 0.04
10.38, 5.66, -2.66, -0.03, -0.09, -0.04
10.14, 5.76, -2.54, -0.03, -0.23, -0.10
9.85, 5.82, -2.57, -0.00, -0.33, -0.17
9.57, 5.89, -2.79, 0.03, -0.40, -0.20
9.46, 5.85, -2.82, 0.05, -0.46, -0.21
9.50, 5.68, -3.00, 0.05, -0.52, -0.24
9.54, 5.78, -3.03, 0.05, -0.62, -0.28
9.46, 5.93, -3.07, 0.07, -0.72, -0.32
9.10, 6.14, -3.21, 0.12, -0.81, -0.36
8.94, 6.08, -3.36, 0.17, -0.85, -0.39
8.81, 6.12, -3.55, 0.22, -0.89, -0.41
8.91, 6.20, -3.53, 0.27, -0.95, -0.45
8.73, 6.34, -3.68, 0.32, -1.05, -0.51
8.53, 6.34, -3.82, 0.40, -1.11, -0.57
8.33, 6.33, -3.92, 0.49, -1.15, -0.63
8.14, 6.10, -4.00, 0.55, -1.21, -0.69
7.92, 5.85, -4.14, 0.57, -1.29, -0.74
7.62, 5.65, -4.40, 0.58, -1.36, -0.77
7.23, 5.56, -4.61, 0.57, -1.43, -0.79
6.97, 5.42, -4.88, 0.56, -1.51, -0.79
6.57, 5.55, -5.05, 0.56, -1.52, -0.78
6.39, 5.43, -5.13, 0.57, -1.54, -0.77
6.00, 5.34, -5.26, 0.53, -1.61, -0.78
5.61, 5.36, -5.44, 0.49, -1.65, -0.80
5.35, 5.40, -5.77, 0.46, -1.58, -0.83
5.20, 5.43, -5.90, 0.45, -1.56, -0.89
4.69, 5.38, -6.11, 0.42, -1.68, -0.95
4.07, 5.37, -6.39, 0.42, -1.70, -0.97
3.74, 5.42, -6.56, 0.41, -1.56, -0.94
3.45, 5.59, -6.67, 0.42, -1.46, -0.88
3.26, 5.56, -6.74, 0.44, -1.48, -0.83
3.13, 5.48, -7.03, 0.45, -1.54, -0.80
2.85, 5.34, -7.10, 0.46, -1.51, -0.80
2.60, 5.14, -7.07, 0.45, -1.47, -0.82
2.70, 5.04, -7.32, 0.43, -1.47, -0.85
2.62, 4.96, -7.38, 0.41, -1.55, -0.89
2.56, 4.89, -7.31, 0.39, -1.66, -0.92
2.16, 4.76, -7.31, 0.37, -1.75, -0.96
1.74, 4.77, -7.39, 0.34, -1.80, -1.00
1.32, 4.58, -7.38, 0.32, -1.83, -1.05
0.94, 4.57, -7.38, 0.29, -1.86, -1.09
0.87, 4.47, -7.15, 0.27, -1.92, -1.14
0.56, 4.39, -7.18, 0.23, -2.00, -1.18
0.40, 4.33, -7.06, 0.20, -2.10, -1.22
-0.07, 4.30, -6.92, 0.19, -2.21, -1.28
-0.62, 4.30, -6.85, 0.18, -2.35, -1.36
-1.29, 4.30, -6.85, 0.18, -2.49, -1.46
-2.38, 4.37, -6.64, 0.22, -2.62, -1.57
-3.54, 4.68, -6.69, 0.26, -2.62, -1.63
-4.53, 4.55, -6.44, 0.35, -2.48, -1.65
-5.39, 4.57, -6.63, 0.42, -2.30, -1.61
-5.90, 4.31, -6.64, 0.49, -2.15, -1.56
-6.73, 4.03, -7.12, 0.47, -2.02, -1.48
-7.44, 3.48, -6.92, 0.46, -1.86, -1.36
-8.12, 3.20, -6.89, 0.38, -1.60, -1.21
-8.59, 3.32, -6.80, 0.32, -1.33, -1.05
-8.55, 3.32, -6.81, 0.29, -1.09, -0.87
-8.53, 3.30, -6.80, 0.26, -0.96, -0.71
-8.91, 3.12, -6.87, 0.22, -0.86, -0.56
-9.17, 3.07, -6.85, 0.18, -0.68, -0.39
-9.24, 3.12, -6.76, 0.16, -0.50, -0.23
-9.34, 3.02, -6.81, 0.15, -0.34, -0.09
-9.14, 2.90, -6.70, 0.13, -0.17, 0.02
-8.97, 2.72, -6.70, 0.08, -0.02, 0.10
-8.59, 2.77, -6.77, 0.02, 0.12, 0.15
-8.43, 2.78, -6.72, -0.03, 0.25, 0.17
-7.86, 2.72, -6.66, -0.07, 0.38, 0.19
-7.40, 2.66, -6.58, -0.13, 0.46, 0.19
-6.94, 2.80, -6.60, -0.19, 0.51, 0.18
-6.52, 3.04, -6.68, -0.25, 0.53, 0.18
-6.35, 3.37, -6.68, -0.27, 0.53, 0.19
-6.43, 3.60, -6.67, -0.27, 0.54, 0.22
-6.60, 3.68, -6.80, -0.27, 0.58, 0.26
-6.84, 3.75, -6.86, -0.26, 0.66, 0.32
-6.85, 3.87, -6.96, -0.27, 0.77, 0.37
-6.69, 3.94, -6.91, -0.27, 0.87, 0.42
-6.32, 4.07, -6.93, -0.26, 0.95, 0.47
-5.88, 4.17, -6.84, -0.25, 1.00, 0.51
-5.72, 4.20, -7.08, -0.24, 1.03, 0.54
-5.99, 4.30, -7.30, -0.23, 1.07, 0.57
-6.16, 4.35, -7.14, -0.22, 1.22, 0.62
-5.52, 4.28, -7.07, -0.20, 1.34, 0.68
-4.98, 4.20, -7.23, -0.21, 1.38, 0.73
-4.51, 4.26, -7.30, -0.24, 1.42, 0.75
-4.39, 4.38, -7.36, -0.25, 1.45, 0.76
-4.28, 4.45, -7.53, -0.26, 1.50, 0.77
-3.87, 4.52, -7.45, -0.25, 1.61, 0.78
-3.62, 4.53, -7.49, -0.24, 1.62, 0.79
-3.52, 4.58, -7.53, -0.25, 1.65, 0.79
-3.30, 4.58, -7.54, -0.24, 1.78, 0.81
-2.73, 4.52, -7.44, -0.23, 1.87, 0.85
-2.07, 4.43, -7.50, -0.24, 1.92, 0.89
-1.50, 4.38, -7.52, -0.26, 1.95, 0.93
-1.05, 4.35, -7.60, -0.29, 1.95, 0.96
-0.80, 4.38, -7.53, -0.31, 1.96, 0.98
-0.40, 4.31, -7.57, -0.35, 1.98, 0.99
-0.00, 4.30, -7.57, -0.37, 1.99, 1.00
0.15, 4.28, -7.57, -0.42, 2.00, 1.04
0.33, 4.17, -7.50, -0.46, 2.05, 1.09
0.68, 3.91, -7.39, -0.52, 2.10, 1.15
1.03, 3.87, -7.19, -0.60, 2.13, 1.20
1.16, 3.92, -7.20, -0.69, 2.17, 1.25
1.42, 4.01, -6.91, -0.74, 2.23, 1.30
1.87, 4.12, -6.49, -0.78, 2.31, 1.35
2.32, 4.37, -6.39, -0.82, 2.39, 1.40
2.96, 4.38, -6.13, -0.86, 2.56, 1.43
3.52, 4.60, -5.92, -0.81, 2.59, 1.44
4.26, 4.78, -5.68, -0.79, 2.51, 1.42
4.91, 4.98, -5.50, -0.75, 2.54, 1.39
5.59, 5.10, -5.15, -0.69, 2.63, 1.33
6.50, 4.94, -4.75, -0.62, 2.67, 1.22
7.92, 5.20, -4.61, -0.54, 2.50, 1.10
8.43, 5.19, -4.33, -0.49, 2.25, 0.90
9.04, 5.18, -4.30, -0.45, 1.85, 0.73
9.39, 5.17, -4.14, -0.45, 1.67, 0.59
9.93, 5.19, -4.01, -0.44, 1.61, 0.47
10.55, 5.26, -3.80, -0.44, 1.41, 0.32
11.06, 5.59, -3.58, -0.42, 1.11, 0.19
11.10, 5.71, -3.41, -0.37, 0.83, 0.08
10.72, 5.75, -3.25, -0.32, 0.56, -0.01
10.34, 5.55, -3.24, -0.31, 0.36, -0.06
9.83, 5.43, -3.28, -0.32, 0.23, -0.10
9.50, 5.55, -3.21, -0.34, 0.12, -0.11
9.30, 5.83, -3.24, -0.34, 0.01, -0.09
8.94, 5.94, -3.20, -0.31, -0.09, -0.06
8.70, 6.06, -3.20, -0.27, -0.16, -0.02
8.42, 6.06, -3.23, -0.23, -0.21, 0.01
8.22, 6.00, -3.27, -0.20, -0.25, 0.04
8.16, 6.03, -3.42, -0.19, -0.27, 0.05
8.15, 6.03, -3.54, -0.18, -0.28, 0.07
8.09, 6.10, -3.53, -0.16, -0.31, 0.07
8.11, 6.17, -3.62, -0.13, -0.32, 0.05
8.20, 6.22, -3.61, -0.08, -0.34, 0.02
8.22, 6.23, -3.60, -0.05, -0.40, -0.01
8.37, 6.21, -3.70, -0.02, -0.44, -0.04
8.39, 6.19, -3.74, 0.01, -0.47, -0.06
8.53, 6.26, -3.79, 0.05, -0.52, -0.08
8.62, 6.33, -3.94, 0.09, -0.58, -0.12
8.64, 6.36, -3.88, 0.15, -0.66, -0.18
8.65, 6.25, -3.92, 0.19, -0.73, -0.24
8.80, 6.19, -4.03, 0.22, -0.79, -0.31
8.88, 6.08, -4.09, 0.25, -0.88, -0.39
8.79, 6.00, -4.15, 0.26, -1.03, -0.49
8.55, 6.04, -4.25, 0.30, -1.15, -0.58
8.33, 6.15, -4.38, 0.35, -1.22, -0.65
8.10, 6.20, -4.52, 0.40, -1.30, -0.72
7.79, 5.97, -4.65, 0.44, -1.39, -0.78
7.41, 5.91, -4.75, 0.48, -1.47, -0.85
7.17, 5.81, -4.95, 0.51, -1.54, -0.91
7.14, 5.86, -5.22, 0.55, -1.59, -0.98
6.97, 5.80, -5.25, 0.59, -1.70, -1.05
6.49, 6.28, -5.07, 0.59, -1.88, -1.16
5.71, 5.49, -5.49, 0.66, -1.97, -1.25
5.25, 5.23, -5.77, 0.65, -1.97, -1.32
4.86, 4.89, -5.96, 0.66, -1.93, -1.37
4.34, 4.75, -6.18, 0.62, -1.98, -1.42
4.04, 4.76, -6.33, 0.58, -2.08, -1.45
3.55, 4.84, -6.41, 0.54, -2.14, -1.48
3.06, 4.81, -6.47, 0.52, -2.15, -1.49
2.70, 4.83, -6.59, 0.51, -2.18, -1.52
2.22, 4.83, -6.68, 0.49, -2.19, -1.53
1.83, 4.74, -6.75, 0.49, -2.23, -1.56
1.30, 4.79, -6.81, 0.48, -2.26, -1.54
0.91, 4.68, -6.90, 0.47, -2.27, -1.52
0.47, 4.67, -6.90, 0.47, -2.31, -1.47
0.08, 4.57, -6.86, 0.47, -2.36, -1.47
-0.48, 4.48, -6.90, 0.47, -2.45, -1.47
-1.13, 4.28, -6.90, 0.46, -2.53, -1.46
-1.94, 4.18, -6.84, 0.44, -2.58, -1.46
-2.83, 4.32, -6.84, 0.42, -2.57, -1.43
-3.83, 4.33, -6.88, 0.43, -2.49, -1.36
-4.99, 4.58, -7.07, 0.45, -2.33, -1.26
-5.84, 4.74, -7.02, 0.51, -2.10, -1.12
-6.04, 4.59, -6.83, 0.58, -1.83, -0.97
-5.96, 4.26, -6.77, 0.61, -1.65, -0.82
-5.72, 4.06, -6.73, 0.63, -1.54, -0.70
-5.30, 3.84, -6.91, 0.65, -1.51, -0.62
-5.41, 3.60, -6.76, 0.64, -1.56, -0.58
-5.94, 3.28, -6.61, 0.62, -1.62, -0.55
-6.59, 3.07, -6.46, 0.59, -1.59, -0.53
-7.26, 2.77, -6.47, 0.57, -1.53, -0.49
-7.58, 2.46, -6.52, 0.54, -1.42, -0.42
-7.99, 2.30, -6.55, 0.48, -1.34, -0.35
-8.51, 2.09, -6.48, 0.39, -1.30, -0.28
-9.04, 2.01, -6.28, 0.30, -1.20, -0.18
-9.52, 1.83, -6.09, 0.21, -1.05, -0.08
-9.78, 1.77, -6.24, 0.10, -0.90, 0.01
-10.13, 1.76, -6.34, -0.03, -0.73, 0.08
-10.35, 1.99, -6.21, -0.16, -0.52, 0.13
-10.43, 2.42, -6.14, -0.24, -0.31, 0.16
-10.26, 2.77, -6.01, -0.27, -0.10, 0.17
-10.09, 3.06, -5.97, -0.28, 0.09, 0.21
-9.76, 3.26, -5.89, -0.28, 0.27, 0.25
-9.38, 3.20, -5.86, -0.28, 0.45, 0.31
-8.88, 3.23, -5.85, -0.30, 0.56, 0.36
-8.47, 3.37, -5.88, -0.33, 0.63, 0.41
-8.26, 3.59, -5.94, -0.34, 0.72, 0.48
-7.99, 3.81, -5.80, -0.33, 0.79, 0.58
-7.81, 3.91, -5.94, -0.32, 0.87, 0.68
-7.54, 3.89, -6.09, -0.33, 0.95, 0.76
-7.44, 4.09, -6.20, -0.32, 1.04, 0.82
-7.11, 4.34, -6.12, -0.30, 1.13, 0.88
-7.01, 4.51, -6.23, -0.27, 1.21, 0.95
-6.91, 4.57, -6.43, -0.22, 1.31, 1.02
-6.46, 4.39, -6.48, -0.19, 1.46, 1.11
-5.87, 4.13, -6.76, -0.20, 1.51, 1.17
-6.00, 3.93, -6.81, -0.26, 1.57, 1.19
-5.59, 3.90, -6.56, -0.34, 1.77, 1.25
-4.64, 4.23, -6.54, -0.40, 1.86, 1.31
-4.18, 4.91, -6.64, -0.39, 1.83, 1.38
-4.04, 4.78, -7.07, -0.31, 1.89, 1.49
-3.12, 5.33, -6.58, -0.25, 1.93, 1.54
-2.55, 5.07, -6.87, -0.22, 1.90, 1.59
-2.33, 4.93, -6.83, -0.21, 1.93, 1.61
-1.92, 4.99, -6.85, -0.20, 1.98, 1.64
-1.50, 5.00, -6.82, -0.19, 2.02, 1.68
-0.93, 4.85, -6.87, -0.19, 2.06, 1.70
-0.51, 4.76, -6.91, -0.22, 2.11, 1.69
-0.06, 4.74, -6.90, -0.26, 2.15, 1.65
0.29, 4.95, -6.89, -0.27, 2.19, 1.59
0.85, 5.20, -6.90, -0.25, 2.23, 1.55
1.12, 5.23, -6.73, -0.24, 2.24, 1.51
1.44, 5.05, -6.54, -0.19, 2.28, 1.46
1.83, 5.17, -6.60, -0.18, 2.33, 1.42
2.33, 5.15, -6.37, -0.18, 2.47, 1.39
2.93, 4.87, -6.39, -0.17, 2.46, 1.35
3.52, 4.88, -6.32, -0.17, 2.40, 1.30
3.92, 4.91, -6.12, -0.17, 2.36, 1.24
4.74, 4.74, -5.90, -0.18, 2.45, 1.19
5.65, 4.71, -5.71, -0.19, 2.55, 1.12
6.32, 4.69, -5.42, -0.23, 2.43, 1.02
6.99, 4.89, -5.31, -0.23, 2.20, 0.88
7.35, 4.50, -5.04, -0.20, 2.06, 0.76
8.37, 5.18, -5.03, -0.22, 2.03, 0.61
8.19, 5.29, -4.78, -0.16, 1.85, 0.44
8.54, 5.53, -4.94, -0.12, 1.59, 0.30
8.48, 5.66, -4.73, -0.05, 1.35, 0.21
8.08, 5.32, -4.68, 0.00, 1.14, 0.15
7.58, 5.11, -4.70, -0.02, 1.07, 0.13
7.12, 5.08, -4.67, -0.03, 1.14, 0.12
7.35, 5.20, -4.51, -0.04, 1.28, 0.16
7.68, 5.36, -4.35, -0.02, 1.28, 0.21
8.00, 5.24, -4.24, -0.02, 1.11, 0.25
8.46, 5.00, -4.14, -0.05, 1.06, 0.28
8.94, 4.77, -4.06, -0.09, 1.01, 0.30
9.59, 4.64, -3.83, -0.17, 0.87, 0.28
10.26, 4.68, -3.77, -0.24, 0.70, 0.26
10.73, 4.84, -3.61, -0.30, 0.50, 0.24
10.83, 4.80, -3.42, -0.36, 0.27, 0.19
10.86, 4.93, -3.38, -0.40, 0.05, 0.11
10.64, 5.18, -3.16, -0.42, -0.16, 0.02
10.18, 5.74, -3.02, -0.38, -0.35, -0.06
9.53, 6.00, -3.12, -0.29, -0.48, -0.10
9.15, 6.13, -3.30, -0.20, -0.54, -0.10
8.96, 5.88, -3.35, -0.14, -0.55, -0.08
9.13, 5.74, -3.47, -0.11, -0.59, -0.08
9.21, 5.75, -3.50, -0.10, -0.71, -0.13
9.19, 5.89, -3.52, -0.06, -0.83, -0.19
8.98, 5.91, -3.65, 0.00, -0.90, -0.24
8.77, 5.76, -3.75, 0.05, -0.95, -0.28
8.72, 5.65, -4.02, 0.07, -1.01, -0.32
8.71, 5.59, -4.05, 0.09, -1.11, -0.38
8.37, 5.61, -4.18, 0.09, -1.21, -0.44
8.21, 5.71, -4.32, 0.12, -1.25, -0.48
8.07, 5.65, -4.39, 0.15, -1.29, -0.53
7.99, 5.55, -4.49, 0.17, -1.39, -0.59
7.81, 5.48, -4.71, 0.18, -1.49, -0.64
7.36, 5.43, -4.98, 0.18, -1.57, -0.69
6.96, 5.43, -5.04, 0.18, -1.65, -0.74
6.43, 5.49, -5.12, 0.19, -1.73, -0.80
6.03, 5.52, -5.41, 0.20, -1.76, -0.85
5.51, 5.58, -5.49, 0.23, -1.74, -0.89
5.20, 5.43, -5.78, 0.24, -1.72, -0.94
4.90, 5.48, -5.97, 0.24, -1.73, -0.98
4.81, 5.38, -6.29, 0.23, -1.69, -0.99
4.61, 5.28, -6.41, 0.20, -1.66, -1.02
4.30, 5.26, -6.45, 0.18, -1.75, -1.06
3.79, 5.28, -6.61, 0.16, -1.84, -1.09
3.19, 5.35, -6.82, 0.18, -1.84, -1.12
2.83, 5.49, -6.90, 0.19, -1.76, -1.11
2.27, 5.43, -7.18, 0.21, -1.71, -1.11
1.50, 5.40, -7.24, 0.22, -1.62, -1.10
0.80, 5.56, -7.41, 0.22, -1.44, -1.06
0.54, 5.48, -7.54, 0.20, -1.15, -0.98
1.07, 5.38, -7.34, 0.19, -0.99, -0.87
1.75, 5.35, -7.30, 0.13, -1.00, -0.75
2.34, 5.43, -7.22, 0.08, -1.10, -0.65
2.42, 5.44, -7.31, 0.09, -1.40, -0.58
1.67, 5.27, -7.26, 0.07, -1.69, -0.57
1.03, 5.31, -7.22, 0.06, -1.71, -0.56
0.48, 5.09, -7.35, 0.03, -1.69, -0.60
0.27, 5.00, -7.26, 0.00, -1.75, -0.65
0.16, 4.92, -7.12, -0.03, -1.78, -0.72
0.24, 4.84, -6.93, -0.06, -1.84, -0.80
0.18, 4.83, -6.74, -0.10, -1.98, -0.92
-0.07, 4.86, -6.56, -0.12, -2.13, -1.04
-0.77, 4.82, -6.32, -0.14, -2.31, -1.18
-1.57, 4.86, -6.12, -0.14, -2.53, -1.34
-2.69, 4.79, -5.96, -0.17, -2.61, -1.51
-3.71, 5.05, -5.79, -0.16, -2.61, -1.62
-4.54, 5.10, -5.69, -0.11, -2.57, -1.72
-5.55, 5.14, -5.79, -0.05, -2.51, -1.79
-6.59, 4.89, -5.72, 0.01, -2.40, -1.82
-7.64, 5.00, -5.69, 0.04, -2.22, -1.81
-8.41, 4.52, -5.56, 0.06, -1.97, -1.74
-8.94, 4.39, -5.51, 0.08, -1.72, -1.59
-9.52, 4.36, -5.65, 0.05, -1.49, -1.45
-10.10, 4.31, -5.77, 0.05, -1.25, -1.25
-10.45, 4.27, -5.77, 0.03, -0.97, -1.01
-10.42, 4.15, -5.56, 0.01, -0.73, -0.79
-10.45, 4.09, -5.41, -0.01, -0.53, -0.57
-10.27, 4.07, -5.41, -0.02, -0.34, -0.37
-9.92, 3.87, -5.42, -0.04, -0.18, -0.17
-9.73, 3.86, -5.43, -0.09, -0.07, -0.01
-9.34, 3.85, -5.26, -0.14, 0.03, 0.14
-9.32, 4.10, -5.37, -0.18, 0.13, 0.26
-9.14, 4.27, -5.29, -0.18, 0.26, 0.36
-9.06, 4.35, -5.28, -0.16, 0.39, 0.44
-8.81, 4.28, -5.37, -0.16, 0.51, 0.50
-8.44, 4.23, -5.34, -0.17, 0.61, 0.56
-8.32, 4.44, -5.33, -0.21, 0.68, 0.62
-8.18, 4.74, -5.31, -0.20, 0.78, 0.69
-7.86, 4.91, -5.50, -0.18, 0.88, 0.80
-7.26, 4.84, -5.57, -0.15, 0.93, 0.93
-6.98, 4.64, -5.58, -0.16, 0.98, 1.06
-6.98, 4.55, -5.83, -0.21, 1.02, 1.13
-7.02, 4.73, -5.94, -0.24, 1.14, 1.19
-6.99, 4.78, -6.02, -0.27, 1.31, 1.23
-6.66, 4.85, -5.96, -0.29, 1.48, 1.27
-5.88, 4.97, -6.01, -0.29, 1.59, 1.31
-5.42, 5.23, -6.08, -0.28, 1.65, 1.36
-5.20, 5.29, -6.23, -0.24, 1.72, 1.43
-4.78, 5.14, -6.19, -0.25, 1.77, 1.48
-4.53, 5.00, -6.16, -0.29, 1.85, 1.53
-3.43, 5.69, -6.65, -0.34, 1.91, 1.57
-3.21, 5.32, -6.08, -0.40, 1.95, 1.55
-2.70, 5.69, -6.07, -0.40, 1.96, 1.54
-2.29, 6.00, -6.19, -0.38, 2.01, 1.51
-1.85, 6.05, -6.10, -0.33, 2.05, 1.45
-1.60, 6.07, -6.21, -0.31, 2.08, 1.39
-1.19, 6.11, -6.10, -0.28, 2.15, 1.32
-0.68, 6.07, -6.01, -0.27, 2.19, 1.28
-0.25, 6.06, -6.02, -0.27, 2.22, 1.25
0.35, 5.98, -5.90, -0.29, 2.24, 1.23
0.72, 5.99, -5.85, -0.31, 2.26, 1.21
1.14, 6.07, -5.86, -0.32, 2.29, 1.20
1.66, 6.13, -5.68, -0.33, 2.31, 1.20
2.05, 6.19, -5.62, -0.34, 2.34, 1.19
2.39, 6.31, -5.46, -0.35, 2.44, 1.20
3.11, 6.04, -5.19, -0.31, 2.49, 1.21
3.70, 6.13, -5.13, -0.35, 2.48, 1.20
4.38, 6.27, -5.09, -0.34, 2.43, 1.16
5.06, 6.39, -5.01, -0.28, 2.39, 1.11
5.69, 6.61, -4.75, -0.25, 2.35, 1.07
6.47, 6.29, -4.63, -0.20, 2.26, 0.99
6.78, 6.24, -4.56, -0.16, 1.99, 0.86
6.72, 6.07, -4.48, -0.16, 1.67, 0.69
6.54, 5.83, -4.42, -0.13, 1.52, 0.56
6.30, 5.75, -4.42, -0.14, 1.54, 0.49
6.29, 5.54, -4.30, -0.18, 1.62, 0.46
6.62, 5.37, -4.27, -0.23, 1.65, 0.44
6.90, 5.24, -3.92, -0.31, 1.64, 0.41
7.59, 5.37, -3.78, -0.41, 1.71, 0.39
8.40, 5.64, -3.48, -0.49, 1.78, 0.38
9.41, 5.98, -3.08, -0.49, 1.70, 0.33
10.29, 6.55, -2.92, -0.49, 1.30, 0.25
10.85, 6.78, -2.10, -0.42, 0.98, 0.17
11.22, 7.00, -2.39, -0.39, 0.74, 0.08
11.28, 6.78, -2.28, -0.34, 0.36, -0.04
10.94, 6.91, -2.24, -0.31, 0.01, -0.13
10.18, 6.99, -2.10, -0.27, -0.21, -0.17
9.41, 7.19, -2.29, -0.20, -0.35, -0.18
8.94, 7.12, -2.46, -0.13, -0.45, -0.17
8.47, 6.89, -2.55, -0.08, -0.52, -0.16
8.14, 6.71, -2.69, -0.07, -0.56, -0.15
7.96, 6.59, -2.91, -0.08, -0.62, -0.16
7.83, 6.73, -2.86, -0.09, -0.71, -0.17
7.57, 7.03, -3.00, -0.07, -0.76, -0.18
7.46, 7.28, -3.05, -0.02, -0.75, -0.19
7.44, 7.34, -3.04, 0.04, -0.76, -0.21
7.44, 7.32, -3.29, 0.08, -0.81, -0.23
7.24, 7.25, -3.26, 0.12, -0.89, -0.27
7.15, 7.27, -3.49, 0.14, -0.93, -0.30
6.97, 7.41, -3.49, 0.18, -0.93, -0.32
7.03, 7.45, -3.63, 0.23, -0.93, -0.33
7.14, 7.32, -3.77, 0.27, -0.95, -0.35
7.22, 7.21, -3.88, 0.29, -1.04, -0.37
7.00, 7.18, -4.06, 0.30, -1.18, -0.42
6.90, 7.35, -4.29, 0.34, -1.26, -0.46
6.74, 7.51, -4.29, 0.40, -1.25, -0.52
6.66, 7.45, -4.41, 0.48, -1.28, -0.59
6.68, 7.28, -4.48, 0.55, -1.41, -0.67
6.38, 7.14, -4.59, 0.63, -1.53, -0.78
6.16, 7.11, -4.68, 0.67, -1.59, -0.89
5.79, 7.00, -4.84, 0.75, -1.66, -1.01
5.36, 6.72, -4.99, 0.79, -1.76, -1.12
4.95, 6.50, -5.12, 0.81, -1.83, -1.20
4.60, 6.25, -5.30, 0.83, -1.89, -1.26
4.05, 5.93, -5.54, 0.80, -1.94, -1.30
3.71, 5.84, -5.70, 0.75, -1.99, -1.32
3.53, 5.66, -5.78, 0.71, -2.00, -1.33
3.64, 5.69, -5.92, 0.67, -2.05, -1.35
3.12, 5.55, -5.90, 0.63, -2.36, -1.43
1.88, 5.22, -6.08, 0.57, -2.58, -1.50
0.60, 5.06, -6.53, 0.52, -2.38, -1.57
-0.48, 5.03, -6.58, 0.47, -2.16, -1.63
-0.91, 5.10, -6.93, 0.38, -2.07, -1.62
-1.08, 5.21, -7.00, 0.37, -1.94, -1.55
-1.24, 5.32, -6.91, 0.35, -1.81, -1.44
-0.87, 5.27, -6.90, 0.33, -1.74, -1.30
-0.35, 5.28, -6.77, 0.33, -1.77, -1.19
-0.30, 5.23, -6.85, 0.33, -1.89, -1.16
-0.91, 5.09, -6.85, 0.33, -2.05, -1.18
-1.73, 5.04, -6.52, 0.34, -2.11, -1.20
-2.47, 5.16, -6.57, 0.38, -2.14, -1.21
-3.27, 5.43, -6.77, 0.45, -2.14, -1.21
-4.24, 5.60, -6.80, 0.54, -2.11, -1.20
-5.29, 5.30, -6.76, 0.61, -2.01, -1.16
-5.91, 5.03, -6.46, 0.63, -1.81, -1.09
-6.15, 4.47, -6.07, 0.70, -1.63, -1.01
-5.82, 3.85, -6.14, 0.66, -1.48, -0.93
-5.25, 3.42, -6.10, 0.60, -1.46, -0.86
-5.38, 3.22, -6.18, 0.53, -1.56, -0.83
-6.22, 3.19, -6.14, 0.43, -1.66, -0.84
-7.41, 3.23, -6.00, 0.36, -1.67, -0.85
-8.64, 3.22, -6.02, 0.28, -1.61, -0.85
-9.90, 3.27, -6.13, 0.25, -1.46, -0.79
-10.92, 3.30, -6.10, 0.19, -1.18, -0.66
-11.54, 3.26, -5.98, 0.14, -0.83, -0.44
-11.63, 3.22, -5.89, 0.08, -0.48, -0.20
-11.27, 3.21, -5.86, 0.02, -0.15, 0.02
-10.36, 3.24, -5.69, -0.02, 0.09, 0.17
-9.53, 3.48, -5.66, -0.04, 0.21, 0.26
-8.85, 3.46, -5.69, -0.04, 0.29, 0.33
-8.48, 3.33, -5.61, -0.05, 0.35, 0.39
-8.20, 3.31, -5.61, -0.09, 0.40, 0.44
-7.99, 3.41, -5.70, -0.12, 0.46, 0.47
-7.82, 3.50, -5.86, -0.14, 0.54, 0.49
-7.71, 3.56, -5.92, -0.16, 0.60, 0.48
-7.49, 3.62, -6.01, -0.19, 0.66, 0.48
-7.25, 3.73, -6.14, -0.23, 0.71, 0.48
-7.15, 3.93, -6.13, -0.25, 0.74, 0.49
-7.47, 4.12, -6.28, -0.27, 0.79, 0.50
-7.61, 4.17, -6.27, -0.27, 0.93, 0.54
-7.25, 4.24, -6.32, -0.27, 1.07, 0.57
-6.81, 4.24, -6.37, -0.28, 1.14, 0.59
-6.57, 4.38, -6.53, -0.29, 1.19, 0.61
-6.27, 4.36, -6.58, -0.31, 1.29, 0.63
-6.08, 4.43, -6.62, -0.33, 1.37, 0.65
-5.78, 4.60, -6.55, -0.34, 1.46, 0.67
-5.38, 4.68, -6.72, -0.35, 1.56, 0.70
-4.79, 4.75, -6.59, -0.36, 1.63, 0.75
-4.22, 4.78, -6.62, -0.37, 1.62, 0.79
-4.01, 4.71, -6.76, -0.39, 1.62, 0.81
-3.51, 4.74, -6.70, -0.41, 1.71, 0.80
-3.57, 5.19, -6.99, -0.43, 1.80, 0.81
-3.18, 5.29, -6.87, -0.43, 1.88, 0.80
-3.16, 5.54, -6.90, -0.42, 1.94, 0.78
-3.36, 5.80, -6.95, -0.41, 2.05, 0.76
-3.01, 5.82, -6.72, -0.36, 2.25, 0.77
-2.32, 5.80, -6.58, -0.34, 2.38, 0.79
-1.51, 5.70, -6.54, -0.31, 2.46, 0.84
-0.91, 5.76, -6.46, -0.28, 2.50, 0.92
-0.47, 5.64, -6.38, -0.29, 2.51, 1.00
-0.29, 5.44, -6.40, -0.31, 2.53, 1.08
0.13, 5.13, -6.24, -0.35, 2.58, 1.16
0.64, 5.06, -6.19, -0.40, 2.63, 1.24
1.45, 4.87, -6.08, -0.45, 2.65, 1.33
2.20, 4.77, -6.20, -0.51, 2.66, 1.39
2.86, 4.76, -6.24, -0.62, 2.75, 1.41
3.72, 4.53, -5.98, -0.66, 2.72, 1.36
4.38, 4.62, -5.77, -0.67, 2.47, 1.26
4.65, 5.07, -5.68, -0.75, 2.32, 1.09
5.02, 5.16, -5.44, -0.71, 2.31, 0.94
5.40, 5.58, -5.26, -0.72, 2.29, 0.82
5.65, 5.86, -5.24, -0.69, 2.16, 0.72
6.02, 5.81, -5.10, -0.66, 2.03, 0.67
6.22, 5.85, -4.91, -0.67, 1.98, 0.65
6.34, 5.79, -4.58, -0.65, 1.94, 0.63
6.73, 5.82, -4.36, -0.66, 1.92, 0.61
7.06, 5.95, -4.12, -0.67, 1.93, 0.58
7.65, 6.19, -3.73, -0.67, 1.90, 0.53
8.16, 6.39, -3.66, -0.66, 1.78, 0.48
8.70, 6.52, -3.29, -0.62, 1.63, 0.42
9.15, 6.60, -3.06, -0.56, 1.49, 0.36
9.51, 6.70, -2.80, -0.51, 1.23, 0.31
9.80, 6.76, -2.69, -0.48, 0.97, 0.25
9.71, 6.78, -2.66, -0.44, 0.78, 0.22
9.40, 6.83, -2.65, -0.41, 0.61, 0.20
9.03, 6.89, -2.46, -0.38, 0.49, 0.18
8.94, 6.90, -2.51, -0.34, 0.45, 0.17
9.03, 6.97, -2.34, -0.28, 0.39, 0.14
9.08, 6.99, -2.17, -0.23, 0.24, 0.11
8.95, 6.97, -2.14, -0.19, 0.11, 0.09
8.80, 6.95, -2.18, -0.16, 0.04, 0.07
8.71, 6.98, -2.26, -0.14, -0.00, 0.05
8.75, 7.13, -2.16, -0.10, -0.06, 0.01
8.74, 7.26, -2.17, -0.04, -0.16, -0.05
8.64, 7.33, -2.12, 0.04, -0.25, -0.11
8.57, 7.40, -2.17, 0.12, -0.32, -0.15
8.61, 7.30, -2.31, 0.18, -0.37, -0.17
8.70, 7.21, -2.40, 0.24, -0.43, -0.18
8.76, 7.31, -2.40, 0.29, -0.55, -0.20
8.70, 7.35, -2.50, 0.36, -0.67, -0.22
8.60, 7.33, -2.55, 0.44, -0.77, -0.25
8.41, 7.11, -2.90, 0.51, -0.86, -0.27
8.37, 7.10, -2.90, 0.56, -0.94, -0.28
8.38, 6.91, -3.16, 0.59, -1.02, -0.32
8.42, 6.86, -3.15, 0.63, -1.13, -0.38
8.16, 6.81, -3.36, 0.68, -1.25, -0.49
7.84, 6.72, -3.54, 0.73, -1.35, -0.61
7.40, 6.55, -3.71, 0.77, -1.42, -0.69
7.04, 6.04, -3.88, 0.79, -1.50, -0.74
6.75, 6.36, -4.27, 0.82, -1.58, -0.76
6.49, 6.41, -4.49, 0.83, -1.55, -0.76
6.51, 6.37, -4.67, 0.88, -1.57, -0.76
6.45, 6.04, -4.71, 0.90, -1.70, -0.79
6.14, 5.95, -4.96, 0.90, -1.83, -0.81
5.77, 5.91, -5.16, 0.90, -1.92, -0.82
5.37, 5.79, -5.41, 0.91, -1.95, -0.81
4.85, 5.61, -5.51, 0.91, -1.99, -0.81
4.48, 5.44, -5.76, 0.91, -2.04, -0.80
4.04, 5.31, -6.13, 0.89, -2.05, -0.79
3.66, 5.22, -6.34, 0.87, -2.07, -0.78
3.35, 5.09, -6.63, 0.85, -2.11, -0.75
2.95, 4.94, -6.74, 0.81, -2.16, -0.72
2.54, 4.89, -6.81, 0.78, -2.16, -0.67
2.26, 5.08, -7.12, 0.75, -2.12, -0.63
2.04, 5.15, -7.03, 0.75, -2.14, -0.59
1.70, 5.01, -7.18, 0.74, -2.17, -0.57
1.48, 4.82, -7.15, 0.75, -2.18, -0.57
1.33, 4.63, -7.10, 0.74, -2.21, -0.58
